     -0.000300	      0.002216
     -0.139900	      0.264501
      0.000000	      0.000000
      0.005100	      0.052792
     -0.000200	      0.005095
      0.004000	      0.089711
      0.000000	      0.000000
      0.006000	      0.012806
      0.000000	      0.000000
      0.647300	      0.110651
      0.608100	      0.102164
      0.052200	      0.161862
     -0.001800	      0.093802
      0.039200	      0.108404
      0.078200	      0.277133
     -0.369300	      0.571201
      1.004300	      0.452312
      0.002700	      0.013628
      0.028700	      0.084222
     -0.024500	      0.101088
      0.024600	      0.119878
      0.551000	      0.543346
     -0.004600	      0.084693
      0.005600	      0.147589
     -0.008400	      0.107142
      0.000600	      0.003955
     -0.007300	      0.058972
      0.001200	      0.012592
      0.000000	      0.000000
      0.012400	      0.020500
      0.501800	      0.334267
      0.108700	      0.287063
