      0.000000	      0.009487
     -0.006600	      0.036283
     -0.004700	      0.011701
      0.000000	      0.000000
      0.002900	      0.010705
      0.129300	      0.119560
     -0.010600	      0.012714
      0.002200	      0.012131
     -0.006700	      0.015301
      0.023800	      0.071886
      0.010300	      0.023557
      1.664100	      0.452604
      0.067100	      0.121666
      0.169000	      0.191852
     -0.060400	      0.076091
      0.002100	      0.066533
      2.462100	      0.414927
      0.369500	      0.194002
      0.069900	      0.132261
      0.101700	      0.126127
      2.634800	      0.898298
      0.822800	      0.337974
      0.143000	      0.156087
      1.415300	      0.316899
      1.408200	      0.323865
      0.089600	      0.090520
      0.006400	      0.069534
      0.006800	      0.008109
      0.074200	      0.129276
     -0.006100	      0.011991
     -0.156800	      0.417241
      0.239400	      0.344212
