     -0.001900	      0.004836
     -0.000200	      0.002441
      0.000000	      0.000000
      0.000000	      0.000000
     -0.001600	      0.003929
      0.000800	      0.008795
     -0.000100	      0.000995
      0.000000	      0.002000
     -0.000100	      0.000995
     -0.006900	      0.008086
     -0.003400	      0.006200
     -0.001000	      0.022249
      0.001000	      0.008062
     -0.001400	      0.008126
     -0.000200	      0.001990
     -0.001700	      0.004702
     -0.006300	      0.021664
     -0.000100	      0.000995
     -0.000300	      0.001706
     -0.000300	      0.001706
     -0.002000	      0.006782
     -0.003100	      0.012385
      0.000100	      0.002644
     -0.005500	      0.009526
      0.015500	      0.037533
      0.000000	      0.000000
      0.003800	      0.011982
      0.000000	      0.000000
     -0.000400	      0.002800
     -0.001300	      0.003363
      0.001800	      0.025976
     -0.001600	      0.007172
