      0.827300	      0.166726
      1.035300	      0.146584
     -0.006900	      0.015729
     -0.001100	      0.016727
      1.229400	      0.363730
      0.042600	      0.069060
      0.005400	      0.044820
      0.951500	      0.348793
      0.020500	      0.063724
      1.988400	      0.184779
      0.117500	      0.091721
      0.422800	      0.124291
     -0.142600	      0.202107
      2.192800	      0.278036
      0.022300	      0.063920
      0.547000	      0.174439
      1.424300	      0.240546
      0.042300	      0.053830
      0.046700	      0.060400
      0.017100	      0.060684
      0.501800	      0.139903
      0.607200	      0.234645
      0.008200	      0.096181
      1.553700	      0.137736
      0.516000	      0.113886
      0.001200	      0.014091
      0.047200	      0.080710
     -0.001900	      0.004170
      0.039500	      0.112003
      1.190900	      0.179572
      0.378800	      0.241989
      1.021600	      0.210949
