      0.596700	      0.120831
      0.773500	      0.128921
     -0.006800	      0.015992
      0.009100	      0.009705
      0.766600	      0.252631
      0.065400	      0.088107
      0.013200	      0.034202
      0.523200	      0.203332
      0.022000	      0.056000
      1.541900	      0.126694
      0.340700	      0.063486
      0.600300	      0.165091
      0.193000	      0.144489
      1.675300	      0.226590
      0.041800	      0.107772
      0.259200	      0.197077
      1.990600	      0.285460
      0.058300	      0.067068
      0.100200	      0.063953
      0.030900	      0.057028
      1.159300	      0.272199
      0.731900	      0.350907
      0.005200	      0.125280
      1.091400	      0.112250
      0.291300	      0.120372
      0.000700	      0.009084
      0.073300	      0.080648
     -0.001900	      0.004625
      0.055000	      0.147014
      0.785800	      0.125660
      0.468800	      0.242525
      0.919700	      0.185389
