      0.000000	      0.000000
     -0.000300	      0.002985
      0.000000	      0.000000
      0.000000	      0.000000
      0.000000	      0.000000
     -0.000300	      0.002985
      0.000000	      0.000000
      0.000000	      0.000000
      0.000000	      0.000000
      0.000000	      0.000000
      0.000000	      0.000000
     -0.016100	      0.041180
      0.001600	      0.022348
     -0.023500	      0.040283
      0.000000	      0.000000
      0.000000	      0.000000
      0.002000	      0.032062
     -0.001700	      0.009387
     -0.005200	      0.012287
     -0.010000	      0.024000
      0.000000	      0.000000
      0.000000	      0.000000
      0.000000	      0.001414
      0.003900	      0.039947
      0.004000	      0.031369
      0.000000	      0.000000
      0.000000	      0.000000
      0.000000	      0.000000
     -0.000300	      0.002985
      0.000000	      0.000000
     -0.003900	      0.027853
     -0.049100	      0.045959
