     -0.474500	      0.105739
     -0.740800	      0.272330
      0.018300	      0.044431
     -0.027400	      0.020910
     -0.298800	      0.169087
     -0.326100	      0.340132
     -0.051800	      0.086642
     -0.066700	      0.117924
     -0.074700	      0.112911
     -1.655600	      0.179674
     -0.688600	      0.105981
     -2.316300	      0.494123
     -0.812900	      0.238878
     -1.680500	      0.353410
     -0.073700	      0.181806
     -0.120000	      0.313892
     -3.861000	      0.724219
     -0.206900	      0.237839
     -0.515200	      0.233446
     -0.141400	      0.209643
     -2.535200	      0.638181
     -1.249100	      0.709435
      0.003900	      0.277102
     -1.860200	      0.364892
     -0.826800	      0.301224
     -0.000800	      0.013467
     -0.151800	      0.152567
      0.003000	      0.008660
     -0.100100	      0.263433
     -0.401000	      0.174594
     -1.327300	      0.627947
     -1.484100	      0.451436
