     -0.052500	      0.051911
      0.252800	      0.302817
      0.013600	      0.030084
      0.008500	      0.017514
     -0.058100	      0.104132
     -0.043500	      0.203058
     -0.005600	      0.017906
     -0.103100	      0.088348
     -0.003900	      0.043241
     -0.201300	      0.164855
     -0.155300	      0.087172
     -0.251900	      0.583599
     -0.199500	      0.344271
     -0.912800	      0.334261
     -0.002700	      0.214611
      0.188700	      0.520635
     -0.996700	      0.690268
     -0.101800	      0.178401
     -0.007600	      0.160044
      0.063400	      0.150507
     -1.579700	      0.501243
     -1.292100	      0.836338
     -0.011600	      0.169998
     -0.115000	      0.257167
      0.259900	      0.430940
     -0.009700	      0.052905
      0.171400	      0.427710
      0.017800	      0.014804
     -0.030000	      0.266454
     -0.227100	      0.079099
      0.219800	      0.459737
     -0.410100	      0.261211
