     -0.294300	      0.095355
     -0.357000	      0.093600
      0.000600	      0.006135
     -0.005300	      0.007135
     -0.097800	      0.122976
     -0.001500	      0.024469
     -0.000200	      0.003156
      0.001600	      0.028556
     -0.001100	      0.005272
     -0.159700	      0.125399
     -0.124300	      0.078067
      0.211600	      0.318213
      0.045900	      0.120649
      0.452600	      0.251756
     -0.031500	      0.106961
      0.128600	      0.249123
     -0.285700	      0.185080
     -0.004800	      0.027477
     -0.011800	      0.081147
     -0.028800	      0.075037
     -0.017900	      0.207510
      0.107300	      0.242610
      0.013800	      0.069134
      0.097100	      0.197825
     -0.011100	      0.094762
     -0.003800	      0.025051
      0.015900	      0.072348
      0.000300	      0.004112
      0.000700	      0.074111
      0.025400	      0.064100
     -0.003900	      0.136014
     -0.292500	      0.368319
