      0.000000	      0.000000
     -0.000200	      0.001990
      0.000000	      0.000000
      0.000000	      0.000000
      0.000000	      0.000000
      0.000200	      0.001990
      0.000000	      0.000000
      0.000000	      0.000000
     -0.000300	      0.001706
      0.000000	      0.000000
      0.000000	      0.000000
     -0.053200	      0.044405
     -0.001300	      0.014188
      0.003200	      0.040838
      0.047500	      0.031792
     -0.007000	      0.024393
     -0.274600	      0.125183
     -0.018900	      0.029117
     -0.000300	      0.002216
      0.000700	      0.006042
     -0.010700	      0.034648
      0.000300	      0.018081
      0.001100	      0.007732
      0.000400	      0.019845
      0.000900	      0.018498
     -0.009800	      0.023790
      0.004600	      0.016335
     -0.000100	      0.000995
      0.000000	      0.000000
     -0.000200	      0.001400
      0.291500	      0.161928
     -0.027400	      0.041584
