      0.000000	      0.001414
     -0.006200	      0.028135
      0.000400	      0.001960
      0.000000	      0.000000
      0.000300	      0.001706
      0.014800	      0.053469
     -0.000400	      0.001960
      0.000000	      0.001414
     -0.001200	      0.009928
      0.000600	      0.005444
      0.000200	      0.002441
      0.414000	      0.201390
      0.008400	      0.069264
     -0.010300	      0.128004
     -0.057400	      0.070422
     -0.003800	      0.061119
      0.621600	      0.192913
      0.319800	      0.136580
     -0.002000	      0.054918
     -0.005200	      0.073912
      0.299800	      0.097324
      0.448900	      0.098741
      0.109100	      0.062179
      0.300100	      0.119151
      0.297900	      0.105084
      0.074100	      0.076487
     -0.009200	      0.023051
      0.000700	      0.004529
      0.056900	      0.086841
      0.000700	      0.005339
     -0.606700	      0.177533
      0.178700	      0.241916
