      0.006900	      0.024767
     -0.149400	      0.294115
     -0.002600	      0.012052
      0.007100	      0.059821
      0.009300	      0.022815
     -0.052600	      0.361866
      0.017200	      0.113508
      0.017200	      0.105793
     -0.001400	      0.008002
      0.612400	      0.258601
      0.608900	      0.162240
      0.949200	      1.072133
      0.458100	      0.770281
      0.504700	      0.768126
      0.078800	      0.279708
     -0.367400	      0.580825
      1.573500	      0.847227
      0.037000	      0.228939
      0.040300	      0.159157
     -0.046100	      0.253763
      2.117800	      0.494505
      0.914400	      0.852340
     -0.004300	      0.081832
      0.571900	      0.379594
      0.265000	      0.654097
      0.000000	      0.000000
     -0.148400	      0.556384
      0.000000	      0.000000
      0.051100	      0.392970
      0.016100	      0.105545
      1.007000	      0.767016
      0.323900	      0.609390
