      0.603500	      0.164075
      0.633600	      0.308524
      0.014000	      0.041617
     -0.004300	      0.108197
      1.531000	      0.355706
     -0.175800	      0.379798
     -0.036300	      0.098890
      1.317300	      0.475333
     -0.049200	      0.060740
      2.783000	      0.350153
      0.727800	      0.226312
      1.670200	      0.680043
     -0.368400	      0.648678
      2.364700	      0.652416
      0.040000	      0.359035
      0.252700	      0.531733
      3.610400	      0.912181
      0.493800	      0.306159
     -0.256900	      0.260448
     -0.049400	      0.280962
      2.530900	      0.760637
      1.599900	      0.819585
      0.288400	      0.168099
      3.045700	      0.546967
      2.209700	      0.502749
      0.141300	      0.116633
     -0.001800	      0.258377
      0.026100	      0.021582
      0.143100	      0.250438
      1.365100	      0.234476
      0.792700	      0.786803
      0.507000	      0.530891
