     -0.145743	      0.240442
     -0.001287	      0.108534
     -0.183267	      0.315394
      0.001683	      0.016172
      0.000099	      0.003586
     -0.000099	      0.005169
      0.002277	      0.009737
      0.000000	      0.000000
      0.000000	      0.000000
      0.000000	      0.000000
      0.000000	      0.000000
      0.000000	      0.000000
      0.000000	      0.000000
      0.000000	      0.000000
      0.000000	      0.000000
     -0.104752	      0.198278
     -0.323762	      0.336466
     -0.000099	      0.001721
      0.112475	      0.237789
     -0.001089	      0.004198
      0.000000	      0.000000
      0.000000	      0.000000
      0.004158	      0.011104
      0.001188	      0.035967
     -0.012574	      0.030301
     -0.043762	      0.155772
     -0.018416	      0.107747
     -0.005644	      0.056890
     -0.753762	      0.671056
      0.588515	      0.492831
     -0.322673	      0.373437
     -0.049901	      0.266969
     -0.021683	      0.190767
      0.002178	      0.026160
     -0.041881	      0.037250
     -0.018812	      0.135129
     -0.005446	      0.016502
      0.000000	      0.000000
     -0.000099	      0.000990
      0.000000	      0.000000
      0.000000	      0.000000
      0.000000	      0.000000
      0.000000	      0.000000
