     -0.000297	      0.042133
     -0.016634	      0.050762
      0.016238	      0.113973
      0.098812	      0.140009
      0.040990	      0.042438
     -0.000792	      0.021280
     -0.006535	      0.047208
      0.000000	      0.000000
      0.000000	      0.000000
      0.000000	      0.000000
      0.000000	      0.000000
     -0.000099	      0.000990
     -0.000099	      0.000990
     -0.000297	      0.001698
      0.000693	      0.004282
     -0.000099	      0.005358
     -0.000099	      0.000990
      0.000000	      0.000000
      0.000000	      0.000000
      0.000693	      0.008473
     -0.000099	      0.002223
      0.000000	      0.000000
      0.001881	      0.012244
     -0.000396	      0.006281
      0.019208	      0.071832
      0.665743	      0.424410
     -0.037624	      0.031281
     -0.019010	      0.049020
      0.944059	      0.146896
      0.742871	      0.083338
      0.081089	      0.090738
      0.034950	      0.094477
     -0.336832	      0.130452
      0.251980	      0.152945
     -0.074950	      0.132640
     -0.027822	      0.129084
      0.049109	      0.102659
      0.000000	      0.000000
     -0.004059	      0.008920
     -0.000495	      0.004950
      0.000000	      0.000000
     -0.000099	      0.001721
      0.000000	      0.000000
