     -0.672475	      0.211058
     -0.115743	      0.242264
     -0.130198	      0.181822
      0.012673	      0.133875
      0.006139	      0.033625
     -0.007921	      0.038288
     -0.008317	      0.043715
      0.000000	      0.000000
      0.000000	      0.000000
      0.000000	      0.000000
      0.000000	      0.000000
      0.000000	      0.000000
      0.000000	      0.000000
      0.000000	      0.000000
      0.000000	      0.000000
     -0.113960	      0.099931
     -0.051584	      0.104215
      0.000000	      0.000000
     -0.066634	      0.062415
      0.000792	      0.009301
      0.000000	      0.000000
      0.000000	      0.000000
      0.064257	      0.038547
     -0.051980	      0.046587
     -0.243762	      0.119046
      0.227624	      0.169835
      0.261089	      0.062091
     -0.014851	      0.052268
     -0.343069	      0.230637
      0.775842	      0.232661
      0.269505	      0.118090
     -0.096832	      0.247082
     -0.070198	      0.135361
     -0.008416	      0.176449
      0.053465	      0.152708
      0.125050	      0.137428
     -0.004455	      0.055570
      0.000000	      0.000000
      0.000000	      0.003980
      0.000000	      0.000000
      0.000000	      0.000000
      0.000000	      0.000000
      0.000000	      0.000000
