     -1.047129	      0.372645
      0.147723	      0.295896
     -0.453861	      0.166573
     -0.149703	      0.151602
      0.002079	      0.022397
     -0.001089	      0.027536
     -0.007129	      0.041965
      0.000000	      0.000000
      0.000000	      0.000000
      0.000000	      0.000000
      0.000000	      0.000000
      0.000000	      0.000000
      0.000000	      0.000000
      0.000000	      0.000000
      0.000000	      0.000000
     -0.106436	      0.073788
     -0.064752	      0.079224
     -0.000099	      0.000990
     -0.214554	      0.095695
      0.000495	      0.006804
      0.000000	      0.000000
      0.000000	      0.000000
      0.083960	      0.039202
      0.025644	      0.029732
     -0.451881	      0.169593
     -0.107624	      0.178964
      0.442178	      0.106823
     -0.019109	      0.082978
     -0.440792	      0.230220
      0.754257	      0.217840
      0.205842	      0.090950
      0.049901	      0.244028
      0.029109	      0.195585
      0.044257	      0.168519
      0.049307	      0.194051
      0.103762	      0.165391
     -0.008218	      0.065482
      0.000000	      0.000000
     -0.000297	      0.002616
      0.000000	      0.000000
      0.000000	      0.000000
      0.000000	      0.000000
      0.000000	      0.000000
