      0.010297	      0.024351
      0.001188	      0.007076
      0.000693	      0.005124
     -0.000198	      0.008557
     -0.000099	      0.001721
      0.000000	      0.001407
      0.000198	      0.001980
      0.000000	      0.000000
      0.000000	      0.000000
      0.000000	      0.000000
      0.000000	      0.000000
      0.000000	      0.000000
      0.000000	      0.000000
      0.000000	      0.000000
      0.000000	      0.000000
      0.003069	      0.016455
      0.004752	      0.011310
      0.000000	      0.000000
      0.002376	      0.006623
      0.000099	      0.000990
      0.000000	      0.000000
      0.000000	      0.000000
     -0.000693	      0.003520
      0.000594	      0.004410
      0.062574	      0.092165
      0.004554	      0.011127
     -0.000198	      0.007444
     -0.000792	      0.012561
      0.010495	      0.034307
     -0.012871	      0.017254
      0.009802	      0.022558
      0.002574	      0.008861
      0.004059	      0.015233
      0.005644	      0.019058
      0.001881	      0.013981
      0.000198	      0.010243
      0.000693	      0.009255
      0.000000	      0.000000
     -0.000099	      0.000990
      0.000000	      0.000000
      0.000000	      0.000000
      0.000000	      0.000000
      0.000000	      0.000000
