      0.002475	      0.005341
     -0.001089	      0.004646
     -0.007921	      0.068453
     -0.000099	      0.001721
      0.000000	      0.000000
      0.000099	      0.000990
      0.000198	      0.001393
      0.000000	      0.000000
      0.000000	      0.000000
      0.000000	      0.000000
      0.000000	      0.000000
      0.000000	      0.000000
      0.000000	      0.000000
      0.000000	      0.000000
      0.000000	      0.000000
      0.000297	      0.002970
      0.001881	      0.006706
      0.000000	      0.000000
      0.001287	      0.005008
      0.000000	      0.000000
      0.000000	      0.000000
      0.000000	      0.000000
     -0.009109	      0.009759
      0.004752	      0.010397
     -0.038416	      0.078384
      0.000000	      0.000000
      0.000000	      0.000000
      0.000297	      0.002616
      0.000297	      0.003575
      0.000099	      0.003586
     -0.000099	      0.008501
     -0.000000	      0.007578
     -0.001485	      0.029295
      0.001782	      0.008132
     -0.021584	      0.018865
     -0.021584	      0.018865
     -0.007624	      0.024257
      0.000000	      0.000000
     -0.000396	      0.005615
      0.000099	      0.000990
      0.000000	      0.000000
      0.000000	      0.000000
      0.000000	      0.000000
