      0.393861	      0.261700
      0.590594	      0.363465
      1.072574	      0.633043
      0.129604	      0.394720
     -0.020198	      0.084326
      0.041485	      0.109177
      0.007921	      0.103649
      0.000000	      0.000000
      0.000000	      0.000000
      0.000000	      0.000000
      0.000000	      0.000000
      0.000000	      0.000000
      0.000000	      0.000000
      0.000000	      0.000000
      0.000000	      0.000000
      0.032673	      0.196957
     -0.076832	      0.202738
      0.000000	      0.000000
     -0.092772	      0.100377
      0.000396	      0.021887
      0.000000	      0.000000
      0.000000	      0.000000
     -0.062574	      0.076813
      0.219406	      0.118161
      0.154257	      0.218117
     -1.527426	      0.536106
     -0.109307	      0.066187
      0.023069	      0.105387
      1.285545	      0.569557
     -1.907030	      0.435364
      0.975248	      0.404626
      0.187921	      0.420335
      0.533564	      0.326874
     -0.427525	      0.335463
      0.090198	      0.337536
     -0.131881	      0.334781
      0.096139	      0.191213
      0.000000	      0.000000
     -0.002277	      0.024490
     -0.001386	      0.013861
      0.000000	      0.000000
      0.000000	      0.000000
      0.000000	      0.000000
