     -0.026634	      0.186453
     -0.031584	      0.257354
      0.037426	      0.406355
     -0.261683	      0.477380
     -0.034851	      0.056562
     -0.028614	      0.050208
     -0.020099	      0.197627
      0.000099	      0.000990
      0.000000	      0.000000
      0.000000	      0.000000
      0.000000	      0.000000
     -0.000297	      0.002205
     -0.000297	      0.002205
     -0.000495	      0.002169
      0.000891	      0.006464
      0.225842	      0.191649
      0.419307	      0.189675
      0.000000	      0.000000
      0.214059	      0.105288
      0.003267	      0.017183
     -0.000099	      0.002223
      0.000000	      0.000000
      0.061980	      0.084256
     -0.367624	      0.212496
     -0.246832	      0.139596
     -0.408020	      0.428375
     -0.248416	      0.119211
      0.019604	      0.074194
      1.080990	      0.456986
      0.281683	      0.253444
     -0.391386	      0.198105
      0.024554	      0.332957
      0.132376	      0.395990
      0.012079	      0.547720
      0.010099	      0.353851
      0.044653	      0.429638
      0.102277	      0.319076
     -0.000099	      0.000990
      0.000000	      0.053824
      0.001386	      0.012976
     -0.000198	      0.001393
      0.000297	      0.003287
      0.000099	      0.001721
