      0.030693	      0.123531
      0.013267	      0.089400
     -0.056535	      0.158823
     -0.011881	      0.038427
      0.010495	      0.061505
      0.033663	      0.071265
      0.005446	      0.039087
     -0.000198	      0.001980
     -0.000099	      0.002223
      0.000000	      0.000000
      0.000000	      0.000000
      0.000000	      0.000000
      0.000000	      0.000000
      0.000000	      0.000000
      0.000000	      0.000000
      0.060000	      0.191936
      0.329604	      0.397644
     -0.002574	      0.028964
     -0.062475	      0.277865
     -0.000792	      0.006243
     -0.002574	      0.027778
      0.000000	      0.000000
     -0.002475	      0.036679
      0.002970	      0.046300
      0.004554	      0.072228
     -0.091584	      0.277962
      0.151188	      0.169684
     -0.001287	      0.084287
      0.144950	      0.317701
      0.010000	      0.376558
     -0.084455	      0.258478
      0.008119	      0.104736
     -0.002475	      0.111270
      0.015149	      0.120351
     -0.000594	      0.075594
     -0.011188	      0.096486
      0.004455	      0.042600
      0.000000	      0.000000
      0.000000	      0.000000
      0.000000	      0.000000
      0.000000	      0.000000
      0.000000	      0.000000
      0.000000	      0.000000
