      0.000000	      0.000000
      0.000000	      0.000000
     -0.000792	      0.007404
      0.000000	      0.000000
      0.000000	      0.000000
      0.000000	      0.000000
      0.000000	      0.000000
      0.000000	      0.000000
      0.000000	      0.000000
      0.000000	      0.000000
      0.000000	      0.000000
      0.000000	      0.000000
      0.000000	      0.000000
      0.000000	      0.000000
      0.000000	      0.000000
      0.000000	      0.000000
      0.000000	      0.000000
      0.000000	      0.000000
      0.000000	      0.000000
      0.000000	      0.000000
      0.000000	      0.000000
      0.000000	      0.000000
      0.000000	      0.000000
      0.000000	      0.000000
     -0.002178	      0.008278
     -0.007723	      0.015407
      0.000000	      0.000000
      0.000000	      0.000000
      0.000990	      0.004561
      0.000000	      0.000000
      0.000000	      0.000000
      0.000198	      0.001393
      0.000000	      0.001407
     -0.000297	      0.002205
      0.000792	      0.003355
      0.000891	      0.003475
      0.000000	      0.000000
      0.000000	      0.000000
      0.000000	      0.000000
      0.000000	      0.000000
      0.000000	      0.000000
      0.000000	      0.000000
      0.000000	      0.000000
