     -0.000396	      0.002786
     -0.000099	      0.001721
      0.013366	      0.049478
      0.012475	      0.006357
      0.033168	      0.031777
      0.001881	      0.014740
     -0.000198	      0.002429
      0.000000	      0.000000
      0.000000	      0.000000
      0.000000	      0.000000
      0.000000	      0.000000
      0.000000	      0.000000
      0.000000	      0.000000
      0.000000	      0.000000
      0.000297	      0.001698
      0.000693	      0.003227
      0.000000	      0.000000
      0.000000	      0.000000
      0.000000	      0.000000
      0.000495	      0.002944
      0.000000	      0.000000
      0.000000	      0.000000
      0.000198	      0.005262
     -0.000000	      0.003723
      0.010099	      0.037244
     -0.130594	      0.077240
     -0.031980	      0.022995
     -0.003465	      0.019162
     -0.098119	      0.038427
     -0.080000	      0.028942
     -0.050198	      0.012896
      0.020792	      0.015650
     -0.041485	      0.021359
      0.086832	      0.019798
     -0.021287	      0.013691
     -0.003960	      0.014425
     -0.016139	      0.018507
      0.000000	      0.000000
      0.000000	      0.002437
     -0.000099	      0.000990
      0.000000	      0.000000
      0.000000	      0.000000
      0.000000	      0.000000
