     -0.225842	      0.507867
     -0.008911	      0.383449
      0.602376	      0.739284
      0.789703	      0.756835
      0.003366	      0.033663
      0.015743	      0.129892
      0.034455	      0.277458
      0.000000	      0.000000
      0.000000	      0.000000
      0.000000	      0.000000
      0.000000	      0.000000
      0.000000	      0.000000
      0.000000	      0.000000
      0.000000	      0.000000
      0.000000	      0.000000
     -0.154554	      0.243837
     -0.342277	      0.318321
      0.000000	      0.000000
      0.095149	      0.224109
      0.000000	      0.000000
      0.000000	      0.000000
      0.000000	      0.000000
      0.010891	      0.092716
      0.060693	      0.199615
      0.036931	      0.310218
      2.087129	      0.741544
      0.005050	      0.207830
     -0.000891	      0.075690
     -0.844554	      0.812172
      0.395545	      0.623333
     -0.332871	      0.784587
     -0.071881	      0.728087
     -0.367723	      0.829268
      0.466337	      0.998866
      0.411287	      0.832352
      0.507030	      0.871234
     -0.174950	      0.397504
      0.000000	      0.000000
      0.004752	      0.047525
      0.004752	      0.047525
      0.000000	      0.000000
      0.000000	      0.000000
      0.000000	      0.000000
