      0.139208	      1.124311
      0.850099	      0.628467
      0.929505	      0.581617
      0.595248	      0.470926
      0.041782	      0.082743
      0.054455	      0.157640
      0.021287	      0.252436
     -0.000297	      0.002205
     -0.000198	      0.002429
      0.000000	      0.000000
      0.000000	      0.000000
     -0.000297	      0.002205
     -0.000396	      0.002405
     -0.000990	      0.002987
      0.001287	      0.008285
     -0.170396	      0.420268
     -0.555941	      0.606283
     -0.002772	      0.027972
     -0.393663	      0.570389
      0.004356	      0.016969
     -0.002376	      0.027937
      0.000000	      0.000000
      0.148713	      0.099072
     -0.094653	      0.236537
     -0.430891	      0.436242
      0.665941	      0.675007
      0.417822	      0.246776
     -0.026139	      0.144749
      1.599604	      1.224707
      1.483465	      0.867098
      0.441485	      0.910208
      0.135545	      0.485820
     -0.115446	      0.515901
      0.479604	      0.882106
      0.478416	      0.639311
      0.572673	      0.647120
      0.036535	      0.509903
     -0.000099	      0.000990
     -0.003069	      0.066508
      0.004158	      0.041584
     -0.000099	      0.000990
      0.000297	      0.004327
      0.000000	      0.000000
