      0.010792	      0.014190
     -0.024752	      0.158917
      0.016436	      0.114586
      0.502277	      0.550605
      0.986337	      0.385589
      0.220792	      0.396836
      0.018515	      0.069701
      0.023960	      0.071961
      0.005941	      0.024136
      0.211188	      0.337695
      0.018020	      0.084690
     -0.032772	      0.149912
     -0.025644	      0.175631
      0.001188	      0.078366
      0.051980	      0.257240
      0.058416	      0.043481
      0.000396	      0.023669
      0.029802	      0.157750
     -0.007723	      0.047364
      0.323267	      0.365210
     -0.022277	      0.146212
      0.140198	      0.320677
      0.009109	      0.033244
      0.083465	      0.429949
     -0.000297	      0.002616
     -0.000099	      0.003586
      0.003564	      0.089005
     -0.000792	      0.010501
     -0.003267	      0.010446
      0.090297	      0.247044
     -0.393465	      0.377450
     -0.096337	      0.299583
      0.003861	      0.152101
      0.807723	      0.181271
     -0.057228	      0.209843
     -0.000990	      0.035725
     -0.006139	      0.108864
