     -0.000099	      0.007379
      0.014653	      0.068254
      0.029505	      0.049859
      1.929406	      0.509917
      1.819604	      0.375426
      0.039010	      0.154545
     -0.001782	      0.029798
     -0.080297	      0.190234
      0.074554	      0.095581
      0.059802	      0.144297
      0.117525	      0.143826
      0.072178	      0.130487
      0.767723	      0.487109
      0.014059	      0.037182
     -0.006733	      0.177581
      0.410000	      0.207965
      0.009208	      0.073156
      0.035446	      0.116053
      0.020495	      0.031853
      0.859406	      0.579930
      0.058614	      0.158433
     -0.013366	      0.071397
      0.001584	      0.046304
      1.527030	      0.201296
     -0.000693	      0.002904
     -0.015743	      0.005689
     -0.058317	      0.132688
     -0.003960	      0.023211
     -0.024851	      0.036954
      0.624752	      0.150212
      0.610594	      0.163482
      0.172574	      0.260162
      0.016535	      0.089536
      0.588119	      0.158856
     -0.003267	      0.218646
     -0.326535	      0.268234
     -1.000297	      0.624973
