      0.698911	      0.246275
      0.238515	      0.110287
      0.385446	      0.161953
     -0.385050	      0.368208
      1.353465	      0.263313
      2.649109	      0.265800
      0.326139	      0.124479
      0.600693	      0.151463
      1.376733	      0.315416
     -0.179802	      0.050815
      0.085347	      0.117174
      0.910396	      0.234478
      0.062871	      0.065708
     -0.022871	      0.019667
      0.027822	      0.098600
      0.013366	      0.124449
     -0.002079	      0.020792
      1.568020	      0.374160
      0.330495	      0.211175
      0.457228	      0.076600
      2.034653	      0.332347
      1.167525	      0.203953
     -0.058020	      0.067443
      0.554158	      0.222035
      0.000000	      0.000000
      0.002079	      0.008243
      1.528911	      0.214660
     -0.055446	      0.043974
     -0.023861	      0.076196
      2.722772	      0.313300
      0.280792	      0.195153
      0.257129	      0.209097
      1.698515	      0.237526
      0.636337	      0.179111
      0.946634	      0.263519
      0.019010	      0.129924
     -0.244059	      0.265484
