     -0.000396	      0.005058
      0.000000	      0.000000
      0.000198	      0.001980
     -0.006733	      0.040519
     -0.001188	      0.013951
      0.000000	      0.000000
      0.000297	      0.004966
     -0.001683	      0.015355
      0.000891	      0.007325
      0.000000	      0.000000
      0.000000	      0.000000
      0.000000	      0.000000
      0.000000	      0.000000
      0.000000	      0.000000
      0.000000	      0.000000
      0.000000	      0.000000
      0.000594	      0.007011
      0.007228	      0.012437
     -0.021485	      0.007090
      0.000000	      0.000000
      0.003267	      0.005470
      0.002079	      0.005507
      0.001089	      0.009534
      0.004455	      0.024271
      0.000000	      0.000000
      0.000000	      0.000000
     -0.025545	      0.056102
     -0.000099	      0.000990
      0.000000	      0.000000
      0.000000	      0.000000
     -0.000198	      0.001980
     -0.062673	      0.059384
      0.005050	      0.033995
      0.006238	      0.030632
     -0.000198	      0.063277
      0.000000	      0.000000
      0.000000	      0.000000
