      0.634950	      0.243504
      0.305842	      0.134092
      0.260693	      0.112868
      0.025347	      0.390875
      1.319505	      0.257468
      2.087327	      0.203776
      0.149604	      0.083000
      0.648317	      0.141569
      0.973267	      0.226143
      0.109010	      0.049881
      0.085941	      0.116595
      0.565248	      0.150199
      0.111980	      0.086894
      0.018515	      0.034851
      0.015248	      0.109106
      0.061485	      0.100340
      0.000099	      0.025466
      0.901980	      0.249713
      0.256634	      0.163890
      0.774455	      0.112333
      1.400297	      0.265712
      0.874950	      0.179701
      0.077723	      0.066821
      0.494950	      0.205343
      0.000000	      0.000000
      0.001386	      0.009231
      0.970792	      0.134213
      0.055743	      0.040696
     -0.014950	      0.044713
      1.934554	      0.227725
      0.094356	      0.192413
      0.253762	      0.205589
      1.299703	      0.237193
      0.821089	      0.213731
      0.794851	      0.210998
      0.040396	      0.161066
     -0.203465	      0.266746
