     -0.698911	      0.306306
     -0.526040	      0.223828
     -0.253366	      0.144916
     -0.747723	      0.978921
     -3.203960	      0.591499
     -2.301386	      0.392807
      0.138317	      0.200697
     -1.469208	      0.412643
     -0.615347	      0.240801
     -0.439802	      0.181255
     -0.149604	      0.224080
     -0.397228	      0.234568
     -0.600594	      0.364868
     -0.045149	      0.073628
     -0.057030	      0.283415
     -0.210792	      0.223211
     -0.002772	      0.099106
     -0.303663	      0.460589
     -0.266535	      0.218199
     -2.819109	      0.419054
     -0.968317	      0.348098
     -0.723465	      0.354399
     -0.233069	      0.249227
     -1.089109	      0.508344
      0.000000	      0.000000
      0.000198	      0.027286
     -0.558713	      0.160560
     -0.184653	      0.143220
      0.016535	      0.056768
     -1.737228	      0.285640
      0.331683	      0.504326
     -0.431485	      0.418461
     -1.232574	      0.338484
     -1.338911	      0.361142
     -0.986040	      0.306640
     -0.167228	      0.374460
      0.488515	      0.655907
