     -0.003069	      0.007277
     -0.007921	      0.012690
      0.006337	      0.010218
      0.041287	      0.133258
      0.004455	      0.044421
     -0.035743	      0.079843
      0.011881	      0.062358
      0.004455	      0.012144
     -0.002277	      0.007562
     -0.007723	      0.054842
     -0.000594	      0.003090
     -0.000198	      0.025755
      0.005842	      0.050742
     -0.004554	      0.017436
      0.009208	      0.019124
     -0.003861	      0.017964
      0.000000	      0.000000
     -0.008713	      0.016330
      0.001584	      0.008758
     -0.010990	      0.024876
     -0.002574	      0.095975
     -0.075248	      0.067393
     -0.000891	      0.012905
      0.003465	      0.062560
      0.000099	      0.000990
      0.000000	      0.000000
     -0.080198	      0.039174
      0.000495	      0.003553
      0.000099	      0.000990
     -0.024752	      0.073290
      0.006931	      0.022810
      0.002475	      0.015051
     -0.009307	      0.012840
     -0.002673	      0.008312
      0.001485	      0.006949
     -0.000297	      0.001698
      0.000792	      0.005012
