     -0.925644	      0.433134
     -0.155743	      0.184640
     -0.016634	      0.173948
      0.187426	      0.597657
     -1.114950	      0.290515
     -0.272970	      0.198731
      0.036931	      0.060897
     -1.446337	      0.390160
     -0.648812	      0.177364
     -0.220396	      0.221158
     -0.130594	      0.238023
     -0.340693	      0.188749
      0.096634	      0.234133
     -0.040693	      0.089689
     -0.089109	      0.274663
      0.052772	      0.096771
     -0.019010	      0.088993
     -0.176040	      0.378970
      0.160495	      0.254354
     -0.524554	      0.202233
     -0.122772	      0.260970
      0.047723	      0.175086
     -0.351683	      0.343621
     -0.093861	      0.246897
     -0.001485	      0.005868
      0.005149	      0.010494
      0.087129	      0.230867
     -0.241584	      0.377998
      0.033069	      0.070060
     -0.690000	      0.260939
      0.067723	      0.137184
      0.056931	      0.249029
     -0.136535	      0.415128
     -1.339802	      0.195721
      0.014455	      0.175789
      0.354455	      0.330692
      0.825248	      0.552733
