      0.099703	      0.167678
     -0.066931	      0.186520
      0.096337	      0.251509
     -0.062475	      0.420418
     -0.223366	      0.349096
     -0.398713	      0.357244
      0.096436	      0.152085
      0.054950	      0.129145
     -0.006931	      0.168004
     -0.095149	      0.230332
      0.013465	      0.126534
      0.104653	      0.256656
      0.054653	      0.186370
      0.033861	      0.117734
     -0.198515	      0.333845
     -0.016535	      0.212600
      0.027921	      0.145441
      0.057525	      0.173293
     -0.019604	      0.123304
     -0.163861	      0.324449
      0.133267	      0.294565
     -0.024158	      0.171495
      0.003861	      0.055846
      0.211287	      0.442680
     -0.000099	      0.000990
     -0.001188	      0.004933
     -0.040099	      0.092045
     -0.000396	      0.008779
     -0.086238	      0.246464
     -0.065446	      0.328427
     -0.000792	      0.190423
     -0.025941	      0.118799
     -0.182970	      0.239217
     -0.161089	      0.297451
     -0.030990	      0.201497
      0.019406	      0.164382
     -0.041980	      0.272139
