      0.000000	      0.000000
     -0.000396	      0.005615
     -0.001287	      0.006240
     -0.011782	      0.020069
     -0.005248	      0.013902
     -0.000099	      0.014107
      0.000000	      0.000000
     -0.000396	      0.003122
      0.000099	      0.004559
      0.000198	      0.012104
     -0.001089	      0.003955
     -0.001287	      0.009715
     -0.002772	      0.031090
     -0.000198	      0.005070
      0.000495	      0.004950
      0.000099	      0.004974
      0.000000	      0.000000
     -0.002475	      0.009482
      0.001089	      0.004198
      0.069901	      0.133524
      0.010693	      0.020789
     -0.001485	      0.006658
     -0.000495	      0.002944
     -0.023564	      0.014931
      0.000000	      0.000000
      0.000000	      0.000000
      0.003564	      0.012942
      0.000396	      0.003960
      0.047525	      0.027156
      0.001683	      0.010631
     -0.009307	      0.013369
     -0.020990	      0.027196
     -0.001881	      0.011665
     -0.054059	      0.022124
      0.007525	      0.023731
     -0.000198	      0.005070
      0.005842	      0.011281
