      0.000000	      0.000000
      0.000990	      0.029501
      0.006535	      0.026343
      0.144059	      0.173269
      0.094554	      0.111759
      0.002178	      0.024235
     -0.000990	      0.009901
     -0.113168	      0.039998
      0.000099	      0.011561
      0.006139	      0.030409
      0.090099	      0.070381
     -0.000198	      0.005967
      0.155248	      0.052889
     -0.000792	      0.007921
      0.000198	      0.013569
      0.143762	      0.042118
      0.001287	      0.021326
      0.004851	      0.039817
     -0.000396	      0.003960
      0.125446	      0.080561
     -0.007921	      0.030224
      0.005050	      0.019069
     -0.004356	      0.016254
      0.252475	      0.080314
     -0.000792	      0.002701
     -0.012376	      0.005477
     -0.014356	      0.053426
     -0.000396	      0.004650
     -0.036535	      0.029832
     -0.006040	      0.021065
      0.033168	      0.031527
      0.084455	      0.107173
      0.008218	      0.043632
      0.378713	      0.074617
     -0.025545	      0.090908
     -0.282772	      0.121020
     -0.514257	      0.206792
