      0.654653	      0.544049
      0.051980	      0.371867
     -0.040594	      0.242425
      0.248515	      1.056498
      0.977327	      0.820159
      0.510990	      0.756196
      0.012871	      0.228990
      2.810198	      0.954064
      0.078911	      0.157310
      0.661089	      0.559929
      0.005545	      0.172509
      0.023366	      0.225715
     -0.129109	      0.614186
      0.304752	      0.584614
      0.015842	      0.257006
     -0.050693	      0.369598
      0.020594	      0.226006
      0.161386	      0.260916
      0.134455	      0.196214
      2.054158	      1.207467
      0.100000	      0.287960
      0.275644	      0.439861
      1.494950	      0.678765
      0.461188	      0.858645
      0.000000	      0.000000
      0.000000	      0.000000
     -0.010792	      0.245113
      1.160198	      0.812862
      0.000000	      0.000000
      0.055644	      0.378110
     -0.691782	      0.542726
     -0.154356	      0.394392
     -0.138812	      0.528046
      0.884950	      0.351449
     -0.040000	      0.150162
     -0.025050	      0.211312
     -0.221287	      0.520753
