      0.470198	      0.257005
     -0.174257	      0.286710
      0.492673	      0.317328
      1.896040	      1.229788
      1.864356	      1.076881
      2.186139	      0.812511
      0.695347	      0.342838
      0.965149	      0.818989
      1.217228	      0.426339
      0.028218	      0.699304
      0.132871	      0.253339
      0.848614	      0.440005
      0.421980	      0.812009
      0.241386	      0.555865
     -0.108911	      0.393610
      0.435347	      0.489315
      0.035743	      0.221459
      2.259109	      0.644356
      0.538713	      0.361007
      1.032673	      1.446672
      2.363366	      0.768348
      1.555644	      0.678256
      0.905842	      0.545319
      2.258119	      0.790970
     -0.003960	      0.006306
     -0.021188	      0.021722
      1.743762	      0.602422
      0.732277	      0.600589
     -0.093366	      0.236686
      2.768614	      0.637026
      0.309703	      0.872349
      0.052970	      0.515912
      1.326040	      0.316131
      1.219901	      0.403506
      0.578119	      0.511083
     -0.372178	      0.439105
     -0.865842	      0.623518
