0.623
0.246
0.164
0.623
0.396
1.249
0.859
0.820
1.232
0.499
1.000
0.205
0.651
0.454
-0.632
0.949
0.746
0.949
1.117
-0.564
-1.831
-0.122
-0.949
-2.883
-0.136
-0.442
-0.632
-0.486
-1.409
-1.741
-0.800
-0.261
-1.977
-1.977
-1.553
-1.504
0.092
-1.628
0.949
-0.072
-0.664
0.903
0.325
1.122
-0.396
0.018
0.545
0.198
-0.183
1.112
0.746
1.122
-0.261
1.968
0.104
0.246
-0.632
3.550
1.473
1.492
2.661
4.855
1.510
2.165
3.015
2.446
2.059
1.686
1.941
2.248
3.404
3.342
3.145
3.032
2.468
1.670
-0.486
6.062
1.003
3.287
6.382
6.544
6.966
7.508
3.301
7.085
-0.723
5.153
5.098
1.225
3.049
-0.088
7.440
5.614
0.903
0.713
2.091
3.166
1.196
1.821
1.133
1.345
1.187
0.651
1.449
1.143
1.232
1.509
2.091
0.570
1.383
0.681
1.056
1.484
4.985
3.593
3.877
4.432
2.382
0.475
6.331
4.128
3.166
4.632
4.128
3.404
2.773
0.232
5.293
6.331
3.593
1.356
4.312
6.613
0.454
0.414
-0.847
-0.968
-0.486
-0.345
-0.080
-0.018
0.596
-0.018
0.205
0.205
0.218
0.325
0.570
-0.526
-0.800
-0.749
1.621
0.260
2.462
3.087
4.782
1.437
2.761
0.254
0.903
1.163
1.592
2.165
1.461
3.260
2.513
1.484
1.187
2.773
4.312
0.378
1.079
0.859
-1.328
-0.564
-2.919
1.844
-1.623
-3.035
0.341
-1.004
0.545
1.654
2.585
0.596
1.821
1.704
-0.526
2.610
