      0.107228	      0.268550
      0.106634	      0.268134
      0.107228	      0.268557
      0.107129	      0.268595
      0.105941	      0.268421
      0.096337	      0.271959
      0.107129	      0.269169
      0.094653	      0.260842
      0.108218	      0.268846
     -0.074554	      0.292072
      0.096337	      0.248308
      0.103960	      0.268697
      0.107228	      0.268826
      0.107723	      0.268379
     -0.311980	      0.571876
      0.105743	      0.269173
      0.107327	      0.268508
      0.107129	      0.268595
      0.106832	      0.268803
     -0.063564	      0.199249
     -0.016139	      0.169021
     -0.025149	      0.182136
     -0.023069	      0.155466
     -0.025743	      0.140842
     -0.005743	      0.168237
     -0.007822	      0.164061
     -0.092079	      0.240920
     -0.158713	      0.328084
     -0.038218	      0.153161
     -0.029406	      0.129865
     -0.098911	      0.196534
     -0.046436	      0.199522
     -0.019010	      0.159010
     -0.012079	      0.191277
     -0.006436	      0.143951
     -0.018317	      0.126640
      0.007030	      0.169475
     -0.011683	      0.145487
     -0.013069	      0.116030
      0.026238	      0.154733
      0.003267	      0.074463
      0.005248	      0.076243
     -0.020099	      0.150218
     -0.001782	      0.018043
     -0.003564	      0.120556
     -0.005545	      0.135869
      0.010990	      0.124077
     -0.009208	      0.128531
     -0.014455	      0.138939
     -0.070495	      0.251106
     -0.004455	      0.059776
      0.014851	      0.111583
     -0.220198	      0.413371
     -0.012673	      0.142647
     -0.016139	      0.048112
     -0.009505	      0.123596
      0.020198	      0.162529
      0.011683	      0.252728
     -0.045050	      0.218590
      0.003564	      0.174892
     -0.010594	      0.127992
      0.013564	      0.219403
      0.025545	      0.084940
      0.000396	      0.273362
      0.009703	      0.228800
     -0.176733	      0.278269
     -0.001584	      0.103376
     -0.080792	      0.357172
     -0.006931	      0.247901
     -0.040792	      0.166238
     -0.089307	      0.266656
     -0.065842	      0.212855
      0.014059	      0.198211
     -0.024356	      0.206874
     -0.056931	      0.220574
     -0.029307	      0.184306
      0.037921	      0.084189
      1.309505	      0.162154
      0.318416	      0.081079
      0.476436	      0.066057
     -0.003762	      0.159186
     -0.187426	      0.203010
     -0.193168	      0.292761
      0.127822	      0.106776
     -0.406436	      0.296633
     -0.603168	      0.350485
     -0.039505	      0.051826
     -0.251584	      0.268648
      0.018812	      0.038852
     -0.004158	      0.038209
      0.063069	      0.386015
      0.194356	      0.064061
     -0.064158	      0.055048
     -0.604950	      0.343372
      0.018812	      0.283085
      0.152178	      0.477789
      0.142970	      0.741602
      0.072475	      0.447203
      0.157822	      0.517114
      0.089901	      0.476203
      0.070396	      0.424987
      0.382673	      0.605720
      0.061683	      0.396197
      0.021881	      0.220426
      0.258911	      0.766357
      0.146436	      0.424023
      0.390891	      0.578148
      0.320000	      0.601152
      0.172970	      0.449672
     -0.050594	      0.372561
      0.085842	      0.425483
      0.163663	      0.493209
      0.323663	      0.560447
      0.098515	      0.432674
     -0.082376	      0.244047
     -0.323663	      0.284552
     -0.021287	      0.225782
     -0.284257	      0.430094
     -0.249802	      0.270170
      0.008317	      0.086780
      0.027228	      0.090697
      0.016832	      0.155614
      0.090990	      0.154999
     -0.001188	      0.172198
      0.182376	      0.161510
      0.052475	      0.131446
      0.001386	      0.152329
      0.034653	      0.144329
      0.136139	      0.287016
      0.036535	      0.170732
     -0.064554	      0.264041
      0.004257	      0.163921
     -0.382277	      0.594426
      0.930792	      0.694213
      0.901188	      0.691674
      0.900000	      0.691188
      0.873762	      0.689601
      0.889010	      0.686976
      0.884950	      0.689104
      0.891782	      0.689703
      0.889307	      0.689039
      0.877624	      0.697506
      0.484554	      0.956595
      0.899406	      0.691813
      0.904158	      0.691579
      0.896238	      0.691594
      0.774455	      0.658618
      0.891980	      0.688231
      0.918416	      0.695017
      0.893465	      0.686928
      0.873762	      0.687081
      0.871089	      0.691541
      0.029802	      0.060476
      0.036634	      0.047100
     -0.089010	      0.227842
      0.037327	      0.095055
      0.007228	      0.064610
     -0.006238	      0.042586
      0.002079	      0.053479
     -0.010990	      0.030653
     -0.011584	      0.046983
     -0.012772	      0.036860
     -0.003168	      0.061675
      0.014752	      0.047608
      0.022772	      0.065523
      0.005842	      0.046165
      0.005248	      0.081503
     -0.010099	      0.079957
      0.001188	      0.077194
      0.003069	      0.041880
      0.005347	      0.047898
      0.020990	      0.019776
      0.021584	      0.020812
      0.032277	      0.029379
     -0.042079	      0.027801
      0.016040	      0.037840
      0.081485	      0.050823
      0.014356	      0.016615
     -0.014356	      0.030618
     -0.005644	      0.007761
      0.025545	      0.027267
      0.017624	      0.019557
      0.007723	      0.026509
      0.018614	      0.035265
      0.018515	      0.016909
     -0.004554	      0.019270
      0.016436	      0.016506
      0.024257	      0.021679
     -0.013168	      0.024573
      0.026832	      0.025444
