1.8820e-01
2.3800e-02
1.7890e-01
-4.8800e-02
-8.0000e-03
-2.2900e-02
-4.8400e-02
-8.5500e-02
1.2600e-02
1.2130e-01
1.4170e-01
-3.7930e-01
2.2060e-01
1.6160e-01
-9.3950e-01
-8.2000e-03
-2.5000e-02
-6.6000e-03
1.8200e-01
1.7140e-01
-8.3530e-01
1.5620e-01
-6.0810e-01
-6.9020e-01
1.6400e-01
1.7390e-01
1.7420e-01
-1.0830e-01
-3.4190e-01
-5.7280e-01
-3.3800e-01
2.2870e-01
2.7200e-02
2.5750e-01
-1.4961e+00
7.9200e-02
1.2280e-01
-2.1420e-01
2.7640e-01
-4.0980e-01
6.9200e-02
5.4500e-01
-4.0530e-01
7.8890e-01
-1.3475e+00
-1.0375e+00
4.0720e-01
-1.1200e+00
-6.5190e-01
-3.4100e-02
1.1953e+00
8.8200e-01
-2.2200e-02
-6.9280e-01
-7.4270e-01
-5.1400e-02
6.5200e-02
1.2404e+00
-1.0813e+00
-9.2510e-01
4.5520e-01
7.3510e-01
8.1360e-01
3.2239e+00
-8.6910e-01
-4.1490e-01
-1.2620e-01
5.3720e-01
-4.3560e-01
-1.4780e+00
-1.2479e+00
-7.3400e-01
4.9020e-01
-1.1295e+00
-2.0071e+00
-7.2490e-01
3.0902e+00
5.2501e+00
3.0517e+00
4.2863e+00
8.6608e+00
8.9283e+00
5.4861e+00
4.7705e+00
2.5226e+00
9.5382e+00
3.3182e+00
3.7142e+00
5.2684e+00
6.0170e-01
4.6627e+00
2.6894e+00
1.3700e+01
4.6691e+00
3.0221e+00
7.1800e-01
8.8100e-02
-6.0140e-01
5.1780e-01
7.0400e-01
6.4900e-02
-1.8000e-03
3.1560e-01
-2.8750e-01
-6.7330e-01
-1.9820e-01
-3.9600e-02
1.2821e+00
1.1632e+00
7.8210e-01
4.6460e-01
8.9400e-02
9.9500e-02
4.6740e-01
2.8316e+00
1.7210e+00
2.3357e+00
2.4357e+00
1.1550e+00
-2.9560e-01
2.4901e+00
2.2106e+00
1.8674e+00
2.6198e+00
3.2319e+00
1.9383e+00
4.4440e-01
-8.7580e-01
8.0375e+00
2.8189e+00
3.0161e+00
8.3290e-01
2.2148e+00
5.9490e-01
1.2180e-01
-1.5390e-01
-4.5670e-01
6.6300e-01
4.3240e-01
4.8110e-01
-3.9240e-01
-5.6740e-01
-6.3200e-02
-7.3600e-02
5.4710e-01
6.7340e-01
6.3470e-01
-5.3420e-01
6.5520e-01
6.5990e-01
-2.2160e-01
-1.1125e+00
2.6162e+01
4.2947e+00
8.8530e+00
1.3836e+01
1.1433e+01
8.6775e+00
8.6499e+00
3.0671e+00
4.9236e+00
4.8516e+00
6.1515e+00
8.6255e+00
8.4298e+00
1.0239e+01
1.1820e+01
7.4383e+00
2.5153e+01
1.0309e+01
1.5633e+01
6.1680e-01
-1.1880e-01
2.6660e-01
3.5300e-01
9.8210e-01
2.4080e+00
1.3089e+00
4.4390e-01
-1.8250e-01
1.5700e-01
3.4590e-01
8.1050e-01
2.3390e-01
8.2560e-01
3.6640e-01
-5.2060e-01
-2.2150e-01
-4.3110e-01
-1.7380e-01
