     -0.078713	      0.104234
     -0.013564	      0.055715
     -0.014059	      0.057094
     -0.012574	      0.056299
     -0.013663	      0.056107
     -0.011881	      0.056860
     -0.013663	      0.057553
     -0.013069	      0.056686
     -0.014752	      0.057464
     -0.013267	      0.057197
     -0.006733	      0.032552
     -0.012871	      0.056012
     -0.014455	      0.056454
     -0.014455	      0.056908
     -0.035644	      0.084811
     -0.013069	      0.057433
     -0.013960	      0.057902
     -0.013564	      0.056544
     -0.083069	      0.094416
     -0.000198	      0.011078
      0.115050	      0.109197
      0.007129	      0.074705
      0.097525	      0.091990
      0.007723	      0.014480
      0.201287	      0.102703
      0.147624	      0.074477
      0.001683	      0.011863
     -0.382277	      0.243090
     -0.430693	      0.198476
      0.005446	      0.014794
      0.003564	      0.013467
      0.004158	      0.013443
      0.005743	      0.016311
      0.002178	      0.014732
      0.009505	      0.013154
      0.004653	      0.014526
     -0.000990	      0.014247
      0.010297	      0.016195
      0.001980	      0.007315
      0.106139	      0.086413
      0.001188	      0.007484
      0.002475	      0.010089
      0.002871	      0.015113
     -1.099703	      0.464066
      0.007723	      0.012811
      0.007030	      0.012392
      0.004059	      0.016361
      0.002178	      0.012555
      0.100792	      0.094792
      0.231485	      0.088221
      0.000990	      0.004976
      0.008317	      0.074649
      0.335347	      0.163384
     -0.001485	      0.012299
     -0.636535	      0.382367
      0.001584	      0.011322
      0.006832	      0.020869
     -0.020693	      0.191840
     -0.033861	      0.134959
     -0.005743	      0.151045
      0.000594	      0.108590
     -1.307525	      0.508750
      0.000198	      0.089176
     -0.100792	      0.266973
     -0.523366	      0.389090
     -0.096832	      0.264204
      0.009802	      0.117793
     -0.158614	      0.280530
     -0.029505	      0.114955
     -0.021485	      0.139812
     -0.226436	      0.257846
     -0.105446	      0.182938
      0.012871	      0.133055
     -0.010693	      0.136238
     -0.028317	      0.129294
     -0.065149	      0.253594
      0.005050	      0.062642
     -0.001386	      0.006453
      0.000198	      0.001980
      0.000099	      0.004101
     -0.005941	      0.007982
     -0.127525	      0.064384
      0.344851	      0.384104
     -0.076832	      0.397255
     -0.003564	      0.005555
     -0.895248	      0.444544
     -0.001782	      0.004537
      0.000198	      0.001393
     -0.102772	      0.054284
     -0.002871	      0.004943
     -0.001287	      0.004374
      0.000297	      0.001698
     -0.030792	      0.021786
     -0.358020	      0.358597
     -0.001584	      0.004158
      0.349307	      0.318011
      0.341980	      0.338383
      0.340099	      0.305749
      0.326535	      0.308585
      0.328713	      0.316299
      0.352079	      0.308639
      0.319010	      0.299473
      0.333960	      0.305682
      0.366832	      0.322051
      0.305545	      0.358054
      0.325248	      0.301844
      0.337525	      0.317339
      0.334554	      0.317167
      0.314653	      0.307505
     -0.145347	      0.443440
      0.331683	      0.301196
      0.339604	      0.318256
      0.323267	      0.294259
      0.347228	      0.313021
     -0.001188	      0.017648
     -0.000792	      0.016572
     -0.008812	      0.048813
      0.173960	      0.091393
      0.000396	      0.012891
     -0.000693	      0.008236
     -0.334851	      0.128253
     -0.003069	      0.034519
     -0.000099	      0.018642
     -0.000891	      0.011949
     -0.002079	      0.018257
      0.000594	      0.014269
      0.001584	      0.014470
     -0.002079	      0.018472
     -0.000396	      0.030014
     -0.360891	      0.127970
      0.001089	      0.016822
      0.000792	      0.021786
      0.326436	      0.160374
     -0.006634	      0.270490
     -0.211980	      0.293123
      0.019307	      0.229490
     -0.001188	      0.246449
      0.002376	      0.250090
      0.001881	      0.249263
      0.006337	      0.236747
      0.007129	      0.241146
     -0.007822	      0.265187
      0.004950	      0.294849
      0.010396	      0.235788
     -0.191683	      0.271447
      0.015347	      0.233113
      0.011287	      0.236009
      0.010198	      0.236526
      0.016139	      0.231054
      0.009010	      0.238811
      0.011584	      0.241410
     -0.000594	      0.253919
     -0.004455	      0.019974
     -0.004257	      0.018258
     -0.783465	      0.191897
     -0.001386	      0.011348
      0.268812	      0.122453
     -0.495644	      0.137152
     -0.001881	      0.012720
     -0.001188	      0.009151
     -0.001287	      0.009191
     -0.001782	      0.009789
     -0.004059	      0.014704
     -0.002376	      0.009764
      0.092574	      0.050299
      0.116832	      0.058546
     -0.002376	      0.013061
     -0.002475	      0.011891
      0.111980	      0.052765
     -0.001188	      0.010078
     -0.003465	      0.020218
      0.000000	      0.000000
      0.000000	      0.000000
      0.000000	      0.000000
      0.000297	      0.001698
     -0.000099	      0.002223
     -0.050198	      0.072275
      0.116634	      0.054795
      0.000000	      0.000000
     -0.337327	      0.095044
      0.000297	      0.003575
     -0.303762	      0.089397
      0.000297	      0.003287
      0.044059	      0.020206
      0.073366	      0.034763
      0.000198	      0.001980
      0.044455	      0.019825
     -0.000198	      0.005070
     -0.000099	      0.000990
     -0.000198	      0.001980
