      0.070000	      0.162249
      0.061584	      0.155867
      0.058614	      0.159362
      0.053861	      0.161913
      0.033366	      0.124330
      0.111782	      0.186215
      0.058218	      0.163067
     -0.549505	      0.293792
      0.124554	      0.196431
     -0.311485	      0.205313
     -0.092376	      0.143376
     -0.029307	      0.159319
      0.075248	      0.170947
      0.095842	      0.183283
     -0.176832	      0.253455
     -0.285050	      0.170117
      0.091386	      0.183816
      0.077327	      0.160919
      0.048713	      0.148195
      0.253861	      0.196559
     -0.736733	      0.588596
      0.129406	      0.124103
     -0.602277	      0.450170
     -0.896733	      0.354407
     -0.257129	      0.335888
     -0.517129	      0.335513
     -0.012475	      0.237847
      0.058911	      0.231734
     -0.166337	      0.256271
     -0.225743	      0.411744
     -0.212673	      0.291571
     -0.034455	      0.222775
     -0.663366	      0.572470
     -0.127030	      0.183209
     -1.130792	      0.596147
     -0.245050	      0.302182
      0.434257	      0.250526
     -0.876238	      0.479199
     -0.528812	      0.145148
     -1.431980	      0.608958
     -0.473069	      0.197553
     -0.409703	      0.179661
     -1.910891	      0.427396
     -0.402475	      0.207510
     -1.821980	      0.322849
     -1.841089	      0.335027
     -0.978218	      0.348997
     -1.142574	      0.258708
     -1.310594	      0.605638
     -1.091980	      0.271782
      0.288515	      0.056523
      0.836337	      0.172574
     -0.821881	      0.296209
     -0.151188	      0.207676
     -0.719901	      0.225158
     -0.774455	      0.263328
     -1.425050	      0.562608
      1.052574	      0.218413
     -0.681386	      0.403225
     -0.303069	      0.232684
      0.029010	      0.235698
      0.083366	      0.239034
      0.864653	      0.149624
     -1.407822	      0.989325
     -0.164257	      0.258248
     -1.270099	      1.096685
      0.002871	      0.179638
     -1.917327	      1.282711
     -0.310693	      0.298243
     -1.659703	      0.401708
     -0.492574	      0.323568
     -0.662178	      0.336554
      0.537228	      0.148598
      0.160990	      0.269210
     -1.144059	      0.447699
     -0.541386	      0.541275
      1.437525	      0.099905
      2.123168	      0.110587
      3.369109	      0.087959
      4.322970	      0.112545
      0.976337	      0.119402
     -0.530990	      0.097742
      1.681485	      0.098357
      2.627327	      0.072178
      1.560396	      0.067953
      0.850198	      0.118597
      0.335347	      0.074655
      2.483366	      0.058551
     -0.585842	      0.116188
     -0.202574	      0.128854
      3.784257	      0.100409
      2.466931	      0.074352
     -1.677624	      0.212114
      0.498416	      0.128022
      2.459208	      0.090605
     -0.826733	      0.356446
     -0.091683	      0.449072
     -0.124752	      0.383051
      0.294257	      0.426146
      0.625248	      0.306525
     -0.355545	      0.599823
      0.150396	      0.703778
      0.369010	      0.295948
     -0.057822	      0.196235
     -0.015347	      0.429157
     -0.376139	      0.351804
      0.118614	      0.650753
     -0.376040	      0.910503
      0.868812	      0.353344
      0.230891	      0.330781
      0.189208	      0.442199
      0.155050	      0.555936
     -0.568020	      0.880255
      0.098416	      0.421757
      1.629109	      0.255564
      1.661485	      0.209943
      0.042574	      0.313595
      0.612475	      0.278352
      0.796931	      0.200053
     -0.046832	      0.170683
      1.293564	      0.230808
      0.737129	      0.263538
      2.086238	      0.236174
      1.129604	      0.241053
      2.801287	      0.244774
      1.630198	      0.228642
      0.206337	      0.289160
     -0.273168	      0.277031
      1.085941	      0.267941
      1.801881	      0.220753
      2.371485	      0.241047
      0.249901	      0.366532
      0.801782	      0.311780
      0.761089	      0.294763
      0.610396	      0.291112
      0.816337	      0.270195
      0.256931	      0.436631
      0.178812	      0.672051
      0.423861	      0.473397
      0.626733	      0.287860
      0.696337	      0.272283
      0.358614	      0.336879
      0.314653	      0.431730
      0.775743	      0.277433
      0.766040	      0.274447
      0.823663	      0.271453
      0.322673	      0.584747
      0.669010	      0.280408
      0.827822	      0.284423
     -0.193960	      0.700453
      0.260099	      0.378335
     -0.239703	      0.678280
     -2.760297	      0.518840
     -1.237822	      0.248383
     -0.967228	      0.360824
     -2.309109	      0.430213
     -1.639307	      0.368635
     -1.326535	      0.386847
     -1.349703	      0.355209
     -0.666139	      0.172506
     -0.397525	      0.191231
     -1.154851	      0.250744
     -0.937129	      0.323757
     -2.169802	      0.498209
     -2.585743	      0.446844
     -1.846139	      0.333306
     -1.741782	      0.332233
     -1.911980	      0.305254
     -2.641485	      0.368369
     -1.253465	      0.270264
     -1.927327	      0.367038
     -0.179010	      0.052095
     -0.462178	      0.169627
     -0.402079	      0.154294
      0.290000	      0.036937
      0.425545	      0.047209
      0.002079	      0.123323
     -0.174158	      0.061841
      0.155446	      0.034884
      0.029406	      0.021655
     -0.401485	      0.186289
     -0.143663	      0.051159
     -0.029604	      0.142063
     -0.598614	      0.161110
     -0.298713	      0.084299
      0.023267	      0.043421
     -0.630198	      0.164600
     -0.999208	      0.201193
     -0.319406	      0.081724
     -0.543762	      0.131412
