     -0.168317	      0.353917
     -0.174158	      0.374764
     -0.212475	      0.396041
     -0.209010	      0.389731
     -0.197228	      0.373795
     -0.186832	      0.409191
     -0.211386	      0.396931
      0.189505	      0.370679
     -0.215941	      0.404803
      0.238218	      0.377982
      0.007822	      0.336651
     -0.172871	      0.355114
     -0.201287	      0.375968
     -0.216238	      0.403092
      0.332772	      0.581514
     -0.025842	      0.360047
     -0.216931	      0.405423
     -0.216931	      0.397155
     -0.141287	      0.357607
      0.027921	      0.251319
      0.373465	      0.316304
     -0.078515	      0.225605
      0.378218	      0.315335
      0.459307	      0.229805
      0.258713	      0.344345
      0.333168	      0.303351
      0.233861	      0.324812
      0.295842	      0.490716
      0.293960	      0.292639
      0.453366	      0.415964
      0.290099	      0.309271
      0.245149	      0.323880
      0.444356	      0.384294
      0.069901	      0.234426
      0.491980	      0.325786
      0.190594	      0.277973
     -0.261386	      0.265143
      0.389010	      0.323219
      0.685050	      0.201763
      0.437723	      0.359914
      0.130990	      0.221933
      0.870990	      0.354003
      0.391089	      0.313343
      1.821485	      0.493816
      0.468515	      0.286841
      0.389109	      0.308629
      0.982079	      0.402043
      0.261782	      0.247992
      0.545743	      0.427656
      0.425545	      0.440260
      0.448812	      0.149423
     -0.228218	      0.231771
      0.765248	      0.569190
     -0.218614	      0.264369
      0.988614	      0.505741
      0.559010	      0.354559
      0.825248	      0.400259
     -0.606733	      0.418155
     -0.332673	      0.424138
     -0.431386	      0.470132
      0.603960	      0.475797
      1.664455	      0.618330
     -0.315446	      0.134581
      0.793861	      1.069987
      0.516238	      0.590981
      0.495149	      1.176896
     -0.351584	      0.275852
      0.542772	      1.025784
      0.060891	      0.467708
      0.037624	      0.404703
      0.620000	      0.666090
      0.396832	      0.700414
     -0.449703	      0.234611
     -0.845050	      0.411856
     -0.090891	      0.448202
      0.704653	      0.841069
     -0.429703	      0.150711
     -1.182178	      0.186535
     -1.255743	      0.160922
     -1.937030	      0.194989
      2.079703	      0.231933
      1.426733	      0.234154
      3.102079	      0.326725
      2.620990	      0.311463
      1.520396	      0.229592
      4.244554	      0.351471
     -0.012574	      0.116054
      1.069505	      0.171692
      0.522178	      0.146400
      0.181089	      0.203601
     -0.428614	      0.308317
     -0.771782	      0.111599
      2.445446	      0.258079
      3.500396	      0.322247
      0.201386	      0.212384
     -0.908812	      0.790490
     -0.848911	      1.123224
     -1.693267	      0.744307
     -0.771683	      1.032533
     -0.957228	      0.801275
     -0.911386	      0.793940
     -1.667921	      1.017049
     -1.103168	      0.835512
     -0.358713	      0.428831
     -0.832475	      1.105185
     -1.087129	      0.789572
     -1.541188	      1.098591
     -1.019208	      1.223730
     -1.472871	      0.828345
     -0.071485	      1.079774
     -1.117228	      0.772921
     -1.006040	      1.061268
     -1.151881	      0.947829
     -0.506634	      0.712554
      0.180693	      0.388774
      0.047723	      0.299369
     -0.324752	      0.352293
      0.776238	      0.630363
      0.356040	      0.240992
     -0.388911	      0.263100
      0.471782	      0.388379
     -0.447129	      0.292430
     -0.893960	      0.298846
      0.080000	      0.329749
     -1.251980	      0.317481
     -0.758020	      0.291364
     -0.589505	      0.298144
     -0.023762	      0.395419
     -1.073366	      0.397971
      0.651881	      0.319169
     -0.469307	      0.307353
     -0.477723	      0.335048
      0.878614	      0.379168
     -1.504059	      0.829779
     -1.280396	      0.863682
     -1.478119	      0.839782
     -1.389208	      0.823401
     -1.229307	      0.810057
     -1.014752	      1.000785
     -1.463366	      0.833694
     -1.485644	      0.829940
     -1.077129	      0.891059
     -0.821287	      1.225285
     -1.360396	      0.815649
     -1.369208	      0.856510
     -1.481287	      0.840498
     -1.128416	      0.833316
     -1.294059	      0.851912
     -1.548020	      0.853523
     -1.112475	      0.722229
     -1.405743	      0.828842
     -1.273267	      0.822574
      0.902376	      0.407905
     -0.040495	      0.173047
      2.343069	      0.423254
      0.064257	      0.217653
      1.447327	      0.617431
      1.532376	      0.397251
      0.747129	      0.271061
     -0.021782	      0.090580
      0.736733	      0.169239
      0.071980	      0.139305
      1.253564	      0.263944
      0.013564	      0.224140
      0.236337	      0.267081
      0.859208	      0.449956
     -0.096733	      0.196605
      1.332376	      0.356343
      0.626931	      0.347283
      0.598911	      0.234993
     -0.051386	      0.221078
      0.039505	      0.097365
     -0.306931	      0.078988
     -0.419703	      0.091894
     -0.212772	      0.098525
     -0.267228	      0.085771
     -0.583564	      0.149200
     -0.066040	      0.142538
     -0.306832	      0.086298
      0.333168	      0.103684
     -0.437921	      0.115864
      0.363960	      0.159436
     -0.088515	      0.136276
     -0.242277	      0.144995
     -0.162574	      0.170269
     -0.320396	      0.082389
     -0.287723	      0.099243
      0.157921	      0.147509
     -0.009901	      0.071095
     -0.336040	      0.081071
