     -0.000198	      0.001980
     -0.000099	      0.002631
     -0.000198	      0.001980
      0.000891	      0.007325
      0.000099	      0.002631
      0.000396	      0.003122
      0.000792	      0.009194
      0.001980	      0.008208
     -0.000297	      0.001698
      0.000594	      0.003395
      0.000693	      0.005497
      0.000297	      0.002970
     -0.000198	      0.001980
     -0.000297	      0.001698
      0.001188	      0.005502
      0.000396	      0.003122
     -0.000297	      0.001698
     -0.000198	      0.001980
     -0.000198	      0.001980
      0.000693	      0.004507
      0.000792	      0.002701
     -0.000099	      0.001721
      0.001089	      0.003418
      0.002079	      0.005856
      0.000792	      0.003901
      0.000594	      0.002364
      0.000990	      0.003302
      0.000495	      0.003553
      0.000891	      0.003749
      0.000396	      0.002405
      0.000594	      0.002364
      0.006337	      0.023952
      0.001881	      0.005211
      0.000792	      0.003045
      0.001584	      0.005021
      0.003465	      0.011977
     -0.000594	      0.005232
      0.006040	      0.012980
      0.028317	      0.055116
      0.056535	      0.093039
      0.001683	      0.006304
      0.017030	      0.030687
      0.102178	      0.135381
      0.011683	      0.031998
      0.007327	      0.021103
      0.024455	      0.052812
      0.033564	      0.084649
      0.056535	      0.071469
      0.075347	      0.133079
      0.013168	      0.038071
      0.002772	      0.005822
     -0.001089	      0.004646
      0.012277	      0.024851
      0.000198	      0.004871
      0.024257	      0.031821
      0.027228	      0.034126
      0.068911	      0.107785
     -0.049604	      0.075753
      0.083465	      0.130137
      0.001683	      0.059371
     -0.006040	      0.053733
     -0.008911	      0.060704
     -0.012277	      0.058069
     -0.004653	      0.079048
     -0.005149	      0.058692
      0.017624	      0.119844
     -0.017525	      0.057788
     -0.015743	      0.092889
      0.004851	      0.061138
      0.084455	      0.111253
      0.010495	      0.064798
      0.009208	      0.073521
     -0.033267	      0.061421
     -0.030297	      0.061378
     -0.000297	      0.060924
      0.013168	      0.088597
      0.471287	      0.316289
     -0.010198	      0.021294
     -0.004257	      0.011969
     -0.017129	      0.020409
      0.060099	      0.087603
      0.277822	      0.240505
      0.022277	      0.035596
     -0.000594	      0.007938
      0.022574	      0.033260
      0.124257	      0.073597
      0.749802	      0.108354
      0.043663	      0.029069
      0.280297	      0.228934
      0.019703	      0.050078
      0.170792	      0.250207
     -0.003168	      0.006884
      0.240396	      0.222986
      0.032178	      0.078332
      0.218020	      0.180741
      0.066238	      0.139730
     -0.002871	      0.059225
     -0.004653	      0.068225
      0.040594	      0.144481
     -0.010792	      0.080120
     -0.008020	      0.063355
      0.047228	      0.143755
     -0.032277	      0.058137
      0.004158	      0.061472
      0.007030	      0.070396
      0.071287	      0.150146
      0.029802	      0.113504
      0.390891	      0.268140
     -0.046832	      0.058596
      0.020198	      0.115338
     -0.024950	      0.057671
      0.100891	      0.202240
      0.045743	      0.135079
      0.013564	      0.083626
      0.159010	      0.141740
      0.004158	      0.023305
      0.457030	      0.196557
      0.009802	      0.019900
      0.002970	      0.008960
      0.000891	      0.003749
      0.021881	      0.025629
      0.314455	      0.151497
     -0.004059	      0.007857
      0.012574	      0.025041
     -0.013564	      0.018108
     -0.002277	      0.009939
     -0.002475	      0.005152
      0.006238	      0.009632
      0.007228	      0.017241
      0.003465	      0.014653
      0.024752	      0.065802
      0.047327	      0.056092
      0.045050	      0.036900
     -0.001287	      0.014189
     -0.002673	      0.010330
     -0.003465	      0.011641
     -0.001188	      0.012451
     -0.001782	      0.013526
     -0.001980	      0.012899
     -0.001089	      0.012097
     -0.002475	      0.012696
     -0.001881	      0.009821
     -0.000099	      0.014859
     -0.002970	      0.012312
     -0.001980	      0.014213
     -0.003069	      0.013912
     -0.001881	      0.010874
     -0.002475	      0.011553
     -0.004257	      0.012296
     -0.000990	      0.010946
      0.001089	      0.014481
     -0.000792	      0.012242
      0.177822	      0.207911
      0.004455	      0.023228
      0.018218	      0.045214
      0.156238	      0.126239
      0.176436	      0.149518
      0.056436	      0.089094
      0.055446	      0.087365
      0.002277	      0.020289
      0.027030	      0.044221
      0.030297	      0.063907
      0.036832	      0.071614
      0.056733	      0.087678
      0.086040	      0.150010
      0.142970	      0.146440
      0.218020	      0.180467
      0.058911	      0.099692
      0.085644	      0.133827
      0.086535	      0.113412
      0.235644	      0.166492
     -0.001287	      0.006240
     -0.002772	      0.004476
      0.007426	      0.033704
      0.000792	      0.008287
     -0.004158	      0.005126
     -0.001782	      0.017542
     -0.002079	      0.004734
     -0.002871	      0.004524
     -0.002673	      0.004426
      0.017327	      0.046136
      0.002079	      0.011460
      0.076634	      0.080632
     -0.003069	      0.005217
     -0.002574	      0.004593
     -0.002673	      0.005052
     -0.003366	      0.004726
     -0.002772	      0.005288
     -0.002871	      0.004524
      0.008713	      0.020473
