      0.004851	      0.034198
      0.002574	      0.025743
      0.002574	      0.025743
      0.002574	      0.025743
      0.002574	      0.025743
      0.002574	      0.025743
      0.002574	      0.025743
      0.002673	      0.025752
      0.002574	      0.025743
      0.002574	      0.025743
      0.007327	      0.013994
      0.002574	      0.025743
      0.002574	      0.025743
      0.002574	      0.025743
     -0.001386	      0.013861
      0.002574	      0.025743
      0.002574	      0.025743
      0.002574	      0.025743
      0.002574	      0.025743
      0.000000	      0.000000
      0.000000	      0.000000
     -0.001485	      0.014851
      0.000000	      0.000000
      0.000000	      0.000000
      0.000000	      0.000000
      0.000000	      0.000000
      0.000000	      0.000000
      0.002574	      0.025743
      0.000000	      0.000000
      0.003960	      0.009128
      0.000000	      0.000000
      0.000000	      0.000000
      0.000000	      0.000000
      0.000000	      0.000000
      0.000000	      0.000000
      0.000000	      0.000000
      0.000000	      0.000000
      0.000000	      0.000000
      0.000891	      0.006309
     -0.000495	      0.008603
      0.000000	      0.000000
      0.000000	      0.000000
      0.002079	      0.009882
      0.004851	      0.034198
      0.000000	      0.000000
      0.000594	      0.004629
      0.025743	      0.022265
      0.000495	      0.002944
     -0.000594	      0.007011
      0.000000	      0.000000
      0.000000	      0.000000
     -0.001386	      0.014894
     -0.001584	      0.014875
      0.000000	      0.000000
      0.006337	      0.037090
      0.000000	      0.000000
      0.000495	      0.004073
     -0.031881	      0.058946
      0.000495	      0.050588
      0.001188	      0.033810
      0.001584	      0.024322
      0.143663	      0.107866
     -0.010198	      0.037680
      0.002376	      0.070263
      0.121287	      0.117883
     -0.024851	      0.068947
     -0.002178	      0.024235
     -0.016634	      0.071577
      0.001881	      0.031520
      0.009109	      0.046247
     -0.011782	      0.053960
     -0.001188	      0.030419
     -0.016733	      0.047971
     -0.013069	      0.048128
      0.008317	      0.035823
      0.041188	      0.113349
      0.000099	      0.019422
      0.005446	      0.010857
      0.000099	      0.000990
      0.000000	      0.001407
      0.112673	      0.005783
     -0.000297	      0.002970
      0.078218	      0.108285
      0.105644	      0.116095
      0.000000	      0.000000
     -0.008812	      0.039106
      0.000099	      0.002223
      0.000000	      0.000000
      0.000000	      0.000000
      0.000000	      0.000000
      0.001980	      0.005269
      0.000000	      0.000000
      0.000099	      0.000990
     -0.004752	      0.028130
      0.003069	      0.007928
     -0.017129	      0.059691
     -0.028812	      0.077143
     -0.014653	      0.060256
     -0.018515	      0.059209
     -0.016634	      0.067696
     -0.018812	      0.059358
     -0.025446	      0.069146
     -0.019901	      0.059345
     -0.015644	      0.055641
     -0.029505	      0.076280
     -0.015941	      0.055725
     -0.027723	      0.073671
     -0.022673	      0.065806
     -0.021287	      0.057826
      0.002772	      0.046440
     -0.022475	      0.066888
      0.004752	      0.073842
     -0.017426	      0.057946
     -0.012178	      0.072530
      0.003960	      0.007323
      0.000891	      0.004472
      0.007030	      0.014040
      0.000297	      0.002205
      0.066634	      0.013518
      0.000000	      0.000000
      0.003267	      0.025913
      0.004257	      0.011462
      0.000198	      0.001980
      0.000495	      0.003553
     -0.001287	      0.005202
      0.000495	      0.003553
      0.000000	      0.000000
      0.000000	      0.000000
      0.014851	      0.020759
      0.005248	      0.034256
      0.001584	      0.005021
      0.000792	      0.004599
      0.000990	      0.004338
      0.016436	      0.063098
      0.022970	      0.072406
      0.005941	      0.035493
      0.014158	      0.059107
      0.014653	      0.060959
      0.022772	      0.053253
      0.009109	      0.045208
      0.012574	      0.057016
      0.015941	      0.060774
      0.005842	      0.035468
      0.008614	      0.045360
      0.024554	      0.073855
      0.006139	      0.035431
      0.008911	      0.045247
      0.008911	      0.045247
      0.006238	      0.035400
      0.008911	      0.045247
      0.009010	      0.045217
      0.014752	      0.060959
      0.000000	      0.000000
      0.000000	      0.000000
      0.002574	      0.025743
      0.000099	      0.000990
      0.000000	      0.000000
      0.002673	      0.025752
      0.000000	      0.000000
      0.000000	      0.000000
      0.000000	      0.000000
      0.000000	      0.000000
      0.000000	      0.000000
      0.000000	      0.000000
      0.000000	      0.000000
      0.000000	      0.000000
      0.000000	      0.000000
      0.089010	      0.025074
      0.000000	      0.000000
      0.000000	      0.000000
      0.000000	      0.000000
      0.000000	      0.000000
      0.000000	      0.000000
      0.000000	      0.000000
      0.000000	      0.000000
      0.000000	      0.000000
      0.002277	      0.022772
      0.000000	      0.000000
      0.000000	      0.000000
      0.002574	      0.025743
      0.000000	      0.000000
      0.002574	      0.025743
      0.000000	      0.000000
      0.000000	      0.000000
      0.000000	      0.000000
      0.000000	      0.000000
      0.000000	      0.000000
      0.000000	      0.000000
      0.003366	      0.007483
      0.000000	      0.000000
