      0.042673	      0.223850
      0.010099	      0.205795
     -0.080693	      0.194057
     -0.067327	      0.179994
     -0.052178	      0.176201
     -0.096436	      0.217486
     -0.052673	      0.187874
      0.126238	      0.275109
     -0.012871	      0.249091
      0.203267	      0.314448
      0.152871	      0.253066
     -0.060396	      0.186992
      0.019505	      0.229124
     -0.025050	      0.192362
      0.279307	      0.390654
      0.073564	      0.227799
      0.014158	      0.217644
      0.002376	      0.224971
      0.027624	      0.205360
      0.088218	      0.239993
      0.262178	      0.255744
      0.160000	      0.231388
      0.252871	      0.253859
      0.142673	      0.224812
      0.096832	      0.207383
      0.119406	      0.235548
      0.120396	      0.216676
      0.107030	      0.239680
     -0.254257	      0.363556
      0.208614	      0.242377
     -0.139307	      0.378125
      0.168713	      0.247361
      0.291089	      0.244686
      0.179109	      0.248994
      0.170099	      0.258348
      0.122079	      0.213779
      0.115743	      0.298114
      0.154257	      0.233753
     -0.092574	      0.182933
     -0.020495	      0.176699
     -0.009505	      0.115359
     -0.059010	      0.147940
     -0.109307	      0.238914
     -0.084950	      0.175407
      0.013861	      0.142586
     -0.053267	      0.183773
      0.027129	      0.161155
     -0.083564	      0.195947
      0.008218	      0.197877
     -0.040693	      0.179351
     -0.038812	      0.073070
      0.098218	      0.182075
      0.013366	      0.231317
      0.035644	      0.289853
     -0.034752	      0.204661
      0.037822	      0.175305
      0.049406	      0.230861
      0.127129	      0.247127
     -0.049802	      0.248990
     -0.088515	      0.198506
      0.044653	      0.139394
     -0.013861	      0.224071
     -0.068614	      0.082258
      0.266139	      0.358917
     -0.194059	      0.335976
      0.206436	      0.380160
      0.079109	      0.125636
      0.186040	      0.373663
      0.069505	      0.260663
     -0.021089	      0.185888
      0.096139	      0.274219
      0.082475	      0.189660
     -0.022376	      0.170568
     -0.405050	      0.200512
      0.055941	      0.215302
      0.076733	      0.268554
     -0.396040	      0.529119
      0.211287	      0.515690
      0.155644	      0.433289
      0.369604	      0.558445
      0.681980	      0.545191
      0.728317	      0.670629
      0.467030	      0.583458
      0.263861	      0.657895
     -0.020594	      0.263994
      0.153861	      0.353343
      0.279307	      0.751365
      0.290000	      0.636706
      0.620099	      0.666603
      0.468713	      0.585584
      0.390594	      0.567419
     -0.234158	      0.544610
     -0.000099	      0.575113
      0.272970	      0.514673
     -0.307228	      0.569073
     -0.231980	      0.544021
     -0.344851	      0.620339
     -0.579604	      0.548524
     -0.199406	      0.484522
     -0.146634	      0.406410
     -0.109109	      0.488773
     -0.425545	      0.638134
     -0.099505	      0.447095
      0.027624	      0.183379
     -0.380297	      0.646825
     -0.244257	      0.495403
     -0.440693	      0.655219
     -0.115545	      0.746052
     -0.030495	      0.492989
     -0.082475	      0.417713
     -0.095446	      0.506507
     -0.210297	      0.597398
     -0.307030	      0.592316
     -0.101386	      0.400613
     -0.104950	      0.242641
      0.071089	      0.343038
      0.009802	      0.283416
      0.189307	      0.357736
      0.262772	      0.303726
      0.025446	      0.129313
      0.048416	      0.178762
     -0.059109	      0.259398
     -0.096139	      0.230831
      0.004158	      0.278288
     -0.177624	      0.263796
     -0.038317	      0.215002
      0.003366	      0.202891
      0.099406	      0.233865
     -0.379802	      0.351968
     -0.125842	      0.241682
     -0.114356	      0.224915
      0.035248	      0.240435
      0.162772	      0.333244
     -0.664257	      0.684612
     -0.443366	      0.705395
     -0.747525	      0.748028
     -0.483168	      0.703400
     -0.343465	      0.681459
     -0.417129	      0.735235
     -0.490693	      0.691821
     -0.632178	      0.752607
     -0.988317	      0.805137
     -0.313861	      0.747128
     -0.598614	      0.756176
     -0.446535	      0.698486
     -0.465050	      0.699429
     -0.316436	      0.687577
     -0.773366	      0.801799
     -0.469208	      0.709880
     -0.248614	      0.635764
     -0.489802	      0.692058
     -0.380594	      0.698001
      0.207327	      0.165780
      0.049406	      0.092113
      0.053762	      0.111247
      0.081485	      0.140518
      0.163762	      0.173050
      0.068911	      0.122304
      0.056733	      0.130832
      0.007723	      0.074553
      0.018416	      0.068992
      0.039010	      0.076631
      0.067030	      0.119947
      0.083564	      0.119077
      0.168020	      0.168417
      0.083069	      0.127658
      0.013366	      0.166866
      0.131386	      0.114269
      0.224554	      0.172044
      0.044455	      0.135153
      0.005644	      0.168226
      0.037624	      0.061098
      0.047723	      0.074207
      0.026931	      0.055895
     -0.003168	      0.046649
      0.003663	      0.067130
      0.020594	      0.208240
      0.041782	      0.072144
     -0.000198	      0.061580
     -0.004950	      0.010957
      0.006238	      0.070709
      0.030594	      0.059732
      0.004158	      0.098898
      0.061782	      0.085774
      0.027228	      0.066409
      0.000891	      0.058413
      0.057921	      0.079458
      0.216535	      0.108978
      0.012277	      0.027064
      0.037129	      0.063516
