     -0.108812	      0.344402
     -0.127426	      0.337597
     -0.131980	      0.351469
     -0.129901	      0.346334
     -0.121485	      0.326033
     -0.152475	      0.358015
     -0.131881	      0.352150
      0.033366	      0.321757
     -0.156337	      0.360629
      0.090297	      0.340685
     -0.090693	      0.345378
     -0.093663	      0.304454
     -0.136436	      0.348384
     -0.145050	      0.356545
      0.108614	      0.489291
     -0.036139	      0.316472
     -0.141683	      0.356857
     -0.134950	      0.343158
     -0.084950	      0.324814
     -0.021089	      0.193702
      0.260297	      0.326292
     -0.153564	      0.155332
      0.298416	      0.353438
      0.351089	      0.167320
      0.213762	      0.430611
      0.357921	      0.376391
      0.088317	      0.273130
      0.253366	      0.359125
      0.521980	      0.336287
      0.207822	      0.382192
      0.274950	      0.362034
      0.099109	      0.340079
      0.274752	      0.288388
      0.120792	      0.201213
      0.486436	      0.278634
      0.096535	      0.193940
     -0.249505	      0.221245
      0.360297	      0.247672
      0.478119	      0.252319
      0.662376	      0.346245
      0.617624	      0.187327
      0.738614	      0.432172
      0.911386	      0.240589
      0.979010	      0.450974
      1.028218	      0.219131
      0.920891	      0.220365
      0.843465	      0.349683
      0.510594	      0.169494
      0.746634	      0.411686
      0.868317	      0.310174
      0.345149	      0.217723
     -0.150693	      0.132308
      0.869703	      0.501918
      0.161782	      0.140201
      0.918317	      0.420911
      0.817921	      0.456496
      0.747723	      0.290956
      0.139109	      0.303456
      0.630792	      0.376773
      0.329802	      0.240012
      0.475347	      0.416346
      0.607030	      0.301270
     -0.071683	      0.083228
      0.820792	      0.627029
      0.551881	      0.400036
      0.699010	      0.576535
      0.598812	      0.281500
      0.884851	      0.641600
      0.895149	      0.523232
      0.943861	      0.310742
      1.076832	      0.505724
      0.826436	      0.530015
      0.041485	      0.259193
      0.229010	      0.261562
      0.900990	      0.320425
      0.717129	      0.472795
     -0.582277	      0.024651
     -0.774554	      0.041039
     -1.020495	      0.027945
     -1.022970	      0.029502
     -0.094653	      0.063286
     -0.041683	      0.087688
      0.384158	      0.078011
     -0.495545	      0.087907
      0.692574	      0.062214
      0.752970	      0.075852
     -0.049505	      0.026490
     -0.304851	      0.027309
     -0.168218	      0.113307
      0.320990	      0.057480
     -0.507624	      0.035184
     -0.098218	      0.040818
     -0.097525	      0.105787
      0.842772	      0.135742
     -0.481980	      0.055758
      1.044257	      0.470494
      0.616634	      0.667670
      0.717129	      0.540221
      0.283663	      0.571988
      0.557624	      0.497762
      0.994851	      0.477464
      0.277030	      0.564330
      0.699208	      0.542947
     -0.101683	      0.506618
      0.642673	      0.664509
      0.727228	      0.488423
      0.277030	      0.627619
      0.493663	      0.497088
      0.635248	      0.592178
      0.337129	      0.449480
      0.933069	      0.524698
      0.386436	      0.521757
      0.880000	      0.499183
      0.590198	      0.444224
     -0.162178	      0.228766
     -0.077822	      0.227612
      0.247723	      0.259466
      0.562871	      0.521641
      0.047723	      0.281470
      0.023663	      0.198752
      0.136337	      0.261537
     -0.230396	      0.251541
     -0.740495	      0.248311
      0.299406	      0.317985
     -0.789703	      0.246679
     -0.089703	      0.246643
      0.479109	      0.298299
     -0.077921	      0.263594
     -0.513168	      0.257278
     -0.326535	      0.271619
     -0.357129	      0.262144
      0.228020	      0.271705
      0.673564	      0.487092
     -0.438614	      0.346730
     -0.241089	      0.343373
     -0.414356	      0.342921
     -0.279010	      0.343585
     -0.279901	      0.341576
     -0.452376	      0.377105
     -0.358020	      0.353212
     -0.402970	      0.343850
     -0.259505	      0.381252
     -0.056535	      0.493333
     -0.411881	      0.358820
     -0.324059	      0.348911
     -0.400693	      0.354773
     -0.243465	      0.326534
     -0.483168	      0.354741
     -0.408713	      0.350698
     -0.199604	      0.431311
     -0.267921	      0.357606
     -0.086040	      0.359083
      0.582376	      0.276148
      0.348911	      0.121638
      0.288614	      0.236082
      0.709109	      0.241768
      1.048317	      0.397111
      0.814356	      0.331616
      1.040297	      0.337840
      0.045248	      0.068918
      0.405347	      0.133873
      0.750000	      0.156585
      0.504356	      0.260002
      0.953069	      0.245259
      0.616634	      0.228613
      0.762376	      0.351371
      0.224653	      0.188767
      0.740594	      0.239979
      0.761089	      0.201440
      0.387723	      0.168499
      0.558515	      0.185906
      0.325644	      0.086338
      0.326535	      0.087760
      0.256535	      0.064462
     -0.015446	      0.040967
     -0.016832	      0.043188
     -0.086337	      0.096675
      0.203762	      0.071169
     -0.016733	      0.043169
     -0.031485	      0.040769
      0.022178	      0.076697
      0.283366	      0.098144
      0.026733	      0.105353
      0.298713	      0.101695
      0.325347	      0.088872
      0.186733	      0.052049
      0.189505	      0.091027
      0.376832	      0.104075
      0.020495	      0.045650
      0.296931	      0.069975
