      0.001188	      0.008359
      0.000594	      0.005941
      0.000594	      0.005941
      0.000594	      0.005941
      0.000594	      0.005941
      0.000594	      0.005941
      0.000594	      0.005941
      0.000594	      0.005941
      0.000594	      0.005941
      0.000594	      0.005941
      0.000000	      0.000000
      0.000594	      0.005941
      0.000594	      0.005941
      0.000594	      0.005941
     -0.000495	      0.004950
      0.000594	      0.005941
      0.000594	      0.005941
      0.000594	      0.005941
      0.000594	      0.005941
     -0.000099	      0.003299
      0.000693	      0.004927
     -0.000198	      0.005625
      0.000495	      0.006657
      0.000594	      0.007422
      0.000594	      0.006105
      0.000693	      0.005674
      0.000495	      0.005147
      0.000693	      0.008817
      0.000198	      0.005799
     -0.000198	      0.004446
      0.000297	      0.004092
      0.000495	      0.006032
      0.000693	      0.005313
      0.000198	      0.004217
     -0.000792	      0.004147
     -0.000198	      0.006131
     -0.000396	      0.006281
     -0.001287	      0.007534
     -0.000594	      0.003395
     -0.000693	      0.006175
     -0.000099	      0.002223
      0.000495	      0.002944
     -0.001386	      0.004881
      0.005446	      0.012229
     -0.001287	      0.005744
     -0.000693	      0.005313
     -0.001089	      0.005611
     -0.000594	      0.004410
      0.000297	      0.005879
     -0.001782	      0.005869
      0.000297	      0.002205
      0.000099	      0.006052
     -0.002475	      0.008011
     -0.001188	      0.004728
      0.001683	      0.010347
     -0.000891	      0.004895
     -0.000594	      0.006421
      0.002277	      0.014064
     -0.000990	      0.010946
     -0.000396	      0.009219
      0.000000	      0.007036
      0.038812	      0.025728
      0.001782	      0.010186
      0.002178	      0.023698
      0.031089	      0.027964
     -0.005842	      0.017077
      0.000099	      0.007771
     -0.002376	      0.023000
      0.000099	      0.007771
     -0.000396	      0.009219
     -0.003762	      0.013849
     -0.001485	      0.008488
      0.000693	      0.012917
      0.000693	      0.012917
      0.000099	      0.007771
     -0.003168	      0.015217
     -0.000594	      0.006105
     -0.000198	      0.003718
     -0.000396	      0.003122
     -0.000693	      0.003791
      0.000198	      0.005070
      0.000891	      0.008799
      0.018812	      0.027764
      0.025545	      0.028301
      0.000099	      0.000990
     -0.006931	      0.015008
      0.000099	      0.000990
     -0.000099	      0.002223
      0.002475	      0.007500
      0.000000	      0.000000
     -0.000396	      0.003122
     -0.000099	      0.002223
      0.000198	      0.005625
     -0.003465	      0.010190
     -0.000198	      0.001980
     -0.004752	      0.015260
     -0.007030	      0.018377
     -0.004554	      0.014659
     -0.004752	      0.015260
     -0.004158	      0.016547
     -0.004752	      0.015260
     -0.006040	      0.016891
     -0.004752	      0.015260
     -0.004158	      0.014231
     -0.007624	      0.018835
     -0.004158	      0.014231
     -0.006139	      0.016826
     -0.005743	      0.016492
     -0.004455	      0.014314
      0.000594	      0.009208
     -0.005248	      0.015895
     -0.005248	      0.015895
     -0.004257	      0.013955
     -0.003366	      0.017193
      0.000000	      0.000000
      0.000000	      0.000000
      0.000000	      0.000000
      0.000099	      0.000990
      0.000099	      0.000990
      0.000000	      0.000000
      0.000495	      0.006032
      0.000000	      0.000000
      0.000000	      0.000000
      0.000000	      0.000000
      0.000000	      0.000000
      0.000000	      0.000000
      0.000000	      0.000000
      0.000000	      0.000000
      0.000000	      0.000000
      0.001287	      0.008636
      0.000000	      0.000000
      0.000000	      0.000000
      0.000000	      0.001990
      0.003960	      0.014562
      0.005842	      0.017135
      0.001683	      0.009654
      0.003366	      0.013444
      0.003366	      0.013444
      0.002871	      0.012613
      0.002277	      0.011247
      0.002772	      0.012196
      0.004059	      0.014904
      0.001584	      0.009722
      0.002277	      0.011247
      0.006832	      0.017684
      0.001683	      0.009654
      0.002178	      0.011311
      0.002277	      0.011247
      0.002178	      0.010773
      0.002178	      0.011311
      0.002277	      0.011247
      0.003366	      0.013444
      0.001782	      0.003827
      0.001188	      0.003236
      0.000990	      0.007380
      0.001782	      0.003827
      0.001386	      0.004457
      0.001485	      0.006658
      0.000792	      0.002701
      0.000198	      0.001393
      0.000297	      0.001698
      0.000693	      0.002540
      0.001089	      0.003115
      0.000792	      0.002701
      0.002277	      0.004423
      0.001188	      0.003236
      0.001089	      0.003115
      0.000792	      0.002701
      0.001881	      0.003908
      0.000792	      0.002701
      0.001188	      0.003236
      0.000000	      0.000000
      0.000000	      0.000000
      0.000099	      0.000990
      0.000000	      0.000000
      0.000000	      0.000000
      0.000594	      0.005941
      0.000495	      0.004746
      0.000000	      0.000000
      0.000594	      0.005941
      0.000000	      0.000000
      0.000594	      0.005941
      0.000000	      0.000000
      0.000000	      0.000000
      0.000000	      0.000000
      0.000000	      0.000000
      0.000000	      0.000000
      0.000000	      0.000000
      0.000000	      0.000000
      0.000000	      0.000000
