     -0.086436	      0.052588
     -0.015743	      0.023137
     -0.016634	      0.024344
     -0.015347	      0.023904
     -0.016238	      0.023708
     -0.014851	      0.023823
     -0.016040	      0.024978
     -0.015941	      0.024381
     -0.017723	      0.025168
     -0.016139	      0.024934
     -0.012871	      0.026339
     -0.015743	      0.023854
     -0.016832	      0.023712
     -0.016634	      0.024222
      0.000198	      0.034122
     -0.015842	      0.025805
     -0.016733	      0.025490
     -0.016337	      0.024117
     -0.091584	      0.061816
      0.000495	      0.008370
      0.001683	      0.012513
      0.003465	      0.022622
      0.000693	      0.008704
      0.001485	      0.009989
      0.131683	      0.047179
      0.086040	      0.029787
      0.000891	      0.009759
     -0.213069	      0.074724
     -0.240297	      0.066637
      0.001683	      0.010154
      0.000990	      0.009596
      0.001584	      0.010692
      0.001287	      0.011228
      0.000594	      0.009832
      0.000198	      0.007444
      0.000891	      0.011866
      0.000198	      0.012346
      0.003663	      0.012565
      0.000594	      0.006265
     -0.002376	      0.011004
     -0.001089	      0.005432
      0.000099	      0.006371
     -0.001683	      0.010154
     -0.287030	      0.060633
     -0.000891	      0.006150
     -0.000990	      0.009493
     -0.002475	      0.011205
     -0.000495	      0.010377
     -0.002673	      0.013851
      0.170495	      0.043495
      0.000396	      0.002405
      0.002178	      0.019119
      0.224158	      0.065616
     -0.001188	      0.007996
     -0.282772	      0.074702
     -0.002178	      0.007393
     -0.002079	      0.014234
     -0.010891	      0.035013
      0.001683	      0.030896
     -0.000396	      0.028526
      0.000495	      0.019919
     -0.153663	      0.090529
     -0.005149	      0.029099
     -0.005842	      0.039609
     -0.140000	      0.114416
      0.008218	      0.040939
     -0.001683	      0.025175
      0.004059	      0.041843
     -0.003465	      0.027912
      0.001584	      0.029307
     -0.081188	      0.071867
     -0.026931	      0.053598
     -0.002277	      0.033267
     -0.004455	      0.034655
     -0.001584	      0.028933
     -0.008218	      0.054960
      0.001386	      0.013861
      0.000000	      0.001407
      0.000099	      0.000990
      0.000198	      0.001393
      0.000297	      0.004966
      0.000792	      0.004599
      0.138614	      0.099713
      0.046733	      0.108856
      0.000000	      0.000000
     -0.253465	      0.060320
      0.000000	      0.000000
      0.000099	      0.000990
      0.000396	      0.003702
      0.000000	      0.000000
      0.000099	      0.000990
      0.000099	      0.000990
      0.000396	      0.004859
     -0.151386	      0.048828
      0.000099	      0.000990
      0.016040	      0.074476
      0.003465	      0.089481
      0.006931	      0.071970
      0.008020	      0.071822
      0.003168	      0.080677
      0.009901	      0.070324
      0.020198	      0.076856
      0.004455	      0.070211
      0.000990	      0.071400
     -0.020495	      0.102507
      0.009208	      0.069634
      0.021980	      0.068217
      0.021287	      0.072939
      0.003465	      0.076319
     -0.029109	      0.043169
      0.006238	      0.070386
      0.013762	      0.071985
      0.020990	      0.068455
      0.008812	      0.074612
      0.000495	      0.008830
      0.000297	      0.009694
     -0.001188	      0.012765
      0.058020	      0.036642
      0.000693	      0.008236
     -0.000792	      0.005392
     -0.108515	      0.043404
      0.000693	      0.011454
      0.000990	      0.012228
     -0.000495	      0.008251
      0.001386	      0.010439
      0.001089	      0.008663
      0.001782	      0.009270
     -0.001386	      0.011172
      0.001287	      0.009816
     -0.109703	      0.044532
      0.001782	      0.009376
      0.001683	      0.011175
      0.104455	      0.060664
     -0.105446	      0.060893
     -0.234059	      0.086060
     -0.098911	      0.047385
     -0.104158	      0.055762
     -0.104653	      0.055768
     -0.102079	      0.054361
     -0.101188	      0.050723
     -0.102079	      0.053793
     -0.106040	      0.059488
     -0.048020	      0.053935
     -0.101782	      0.050589
     -0.222772	      0.079989
     -0.099307	      0.048385
     -0.100495	      0.051307
     -0.101485	      0.050451
     -0.100000	      0.048216
     -0.100396	      0.051395
     -0.100198	      0.050834
     -0.103366	      0.056538
      0.000495	      0.006948
     -0.000396	      0.005058
     -0.052574	      0.030431
      0.001089	      0.006118
      0.114950	      0.040311
     -0.068317	      0.028322
     -0.000297	      0.003287
      0.000000	      0.000000
      0.000000	      0.000000
      0.000000	      0.000000
     -0.000099	      0.002223
     -0.000693	      0.005313
     -0.000396	      0.006737
      0.049010	      0.023777
     -0.000198	      0.001393
     -0.000099	      0.003299
     -0.000594	      0.007938
      0.000099	      0.000990
      0.000297	      0.002205
      0.000000	      0.000000
      0.000000	      0.000000
      0.000000	      0.000000
      0.000000	      0.000000
      0.000000	      0.000000
     -0.001980	      0.018828
      0.073762	      0.048130
      0.000000	      0.000000
     -0.025941	      0.028914
      0.000000	      0.000000
     -0.038911	      0.035121
      0.000000	      0.000000
     -0.000396	      0.004432
      0.040891	      0.030282
      0.000000	      0.000000
     -0.000198	      0.001980
     -0.000099	      0.002983
      0.000000	      0.000000
      0.000000	      0.000000
