      0.106733	      0.268845
      0.106733	      0.268845
      0.106733	      0.268845
      0.106733	      0.268845
      0.106733	      0.268845
      0.106733	      0.268845
      0.106733	      0.268845
      0.103168	      0.260586
      0.106733	      0.268845
     -0.074356	      0.291175
      0.096040	      0.248851
      0.106733	      0.268845
      0.106733	      0.268845
      0.106733	      0.268845
     -0.312871	      0.582666
      0.106733	      0.268845
      0.106733	      0.268845
      0.106733	      0.268845
      0.106733	      0.268845
     -0.062079	      0.194683
     -0.061386	      0.292460
     -0.022475	      0.175964
     -0.228416	      0.466172
     -0.023168	      0.134885
     -0.376337	      0.627771
     -0.396931	      0.626906
     -0.088812	      0.233968
     -0.193960	      0.358371
     -0.124257	      0.292119
     -0.124158	      0.377205
     -0.206040	      0.387143
     -0.131782	      0.477979
     -0.022079	      0.162324
     -0.014950	      0.186147
     -0.004950	      0.140202
     -0.016733	      0.121404
      0.008911	      0.161961
     -0.008812	      0.140383
     -0.055347	      0.306941
      0.028812	      0.153451
     -0.015050	      0.107239
     -0.312673	      0.676214
     -0.001386	      0.142995
     -0.370099	      0.512763
      0.003861	      0.118822
      0.003069	      0.127083
     -0.129802	      0.416907
      0.002871	      0.123347
     -0.141782	      0.356672
     -0.070891	      0.252195
     -0.101386	      0.406022
      0.002178	      0.108788
     -0.218119	      0.418767
     -0.015941	      0.136347
     -0.153465	      0.297759
     -0.168614	      0.526229
      0.016139	      0.161974
     -0.296238	      0.632970
     -0.073366	      0.321572
      0.004356	      0.181585
     -0.579505	      0.488824
     -0.894554	      0.609937
      0.004752	      0.104347
     -0.047129	      0.318133
     -0.384356	      0.729306
     -0.742772	      0.965642
     -0.107921	      0.152298
     -0.572376	      0.731857
     -0.755248	      0.551742
     -0.027525	      0.199640
     -0.715248	      0.860064
     -0.330990	      0.696362
     -0.081386	      0.405641
     -0.062475	      0.331544
     -0.051980	      0.216822
     -0.190495	      0.483501
     -0.013465	      0.072158
     -0.008119	      0.023238
     -0.006733	      0.063028
      0.006238	      0.019184
     -0.073366	      0.208575
     -0.437426	      0.486712
     -0.270693	      0.314360
     -0.027822	      0.111307
     -0.451782	      0.293009
     -0.667327	      0.388419
     -0.009406	      0.036311
     -0.380198	      0.286819
     -0.000891	      0.009860
     -0.001188	      0.005319
     -0.479604	      0.555429
     -0.003069	      0.022548
     -0.000495	      0.006194
     -0.672871	      0.361447
     -0.703168	      0.430933
      0.174851	      0.505419
      0.142772	      0.822130
      0.042079	      0.525033
      0.095842	      0.660957
      0.035149	      0.627659
      0.078614	      0.491260
      0.358812	      0.732372
      0.051485	      0.497995
      0.074950	      0.345983
      0.246238	      0.775908
      0.165446	      0.452613
      0.368020	      0.697756
      0.294455	      0.709742
      0.110792	      0.569232
     -0.083762	      0.462928
      0.072574	      0.509585
      0.140297	      0.571426
      0.341089	      0.593431
      0.056733	      0.510618
     -0.111188	      0.235462
     -0.357822	      0.287776
     -0.018614	      0.218433
     -0.304158	      0.453187
     -0.262772	      0.285345
      0.009109	      0.087145
     -0.011089	      0.089828
      0.000891	      0.151449
      0.005644	      0.151556
     -0.014554	      0.178523
      0.003861	      0.150964
     -0.006931	      0.127859
      0.009208	      0.149107
      0.023267	      0.146694
     -0.019901	      0.125284
     -0.018317	      0.170091
     -0.137228	      0.238494
     -0.004455	      0.168032
     -0.415446	      0.607849
      0.819505	      0.684998
      0.850891	      0.665169
      0.852475	      0.667903
      0.832277	      0.688905
      0.853960	      0.668949
      0.846535	      0.667645
      0.849406	      0.665103
      0.850099	      0.666962
      0.846832	      0.673338
      0.459010	      0.917020
      0.851089	      0.667401
      0.855050	      0.666575
      0.850792	      0.663499
      0.729307	      0.636953
      0.849802	      0.664667
      0.836337	      0.724117
      0.852772	      0.667816
      0.846832	      0.663313
      0.849406	      0.665107
     -0.302178	      0.523612
     -0.406733	      0.580664
     -0.325842	      0.509117
     -0.314257	      0.540735
     -0.339703	      0.583337
     -0.212574	      0.463142
     -0.302475	      0.535405
     -0.124950	      0.346678
     -0.628515	      0.640584
     -0.423564	      0.593762
     -0.768218	      0.624684
     -0.311386	      0.539070
     -0.264752	      0.500739
     -0.286733	      0.514505
     -0.241683	      0.531000
     -0.518119	      0.622452
     -0.303960	      0.528847
     -1.138812	      0.478577
     -0.287030	      0.515425
      0.001089	      0.008663
      0.001386	      0.012510
     -0.085941	      0.286979
     -0.002970	      0.026422
      0.064455	      0.022002
      0.143564	      0.317133
      0.000792	      0.006848
      0.016535	      0.012463
      0.004356	      0.013601
     -0.137228	      0.410631
     -0.002574	      0.008972
     -0.339406	      0.512078
     -0.004752	      0.078873
      0.000396	      0.006882
      0.007822	      0.009810
      0.002673	      0.006878
      0.008020	      0.009230
      0.006139	      0.007831
     -0.075743	      0.269614
