     -0.045347	      0.285038
      0.011881	      0.256861
     -0.114059	      0.227114
     -0.095248	      0.226439
     -0.097723	      0.245211
     -0.063960	      0.312230
     -0.080495	      0.232300
     -0.342574	      0.355452
      0.021089	      0.302877
     -0.131089	      0.518358
      0.094059	      0.311859
     -0.154257	      0.266801
      0.012871	      0.266779
     -0.020792	      0.261305
     -0.343267	      0.588657
     -0.215050	      0.330899
      0.013762	      0.263769
     -0.012475	      0.241998
     -0.059208	      0.266000
      0.306139	      0.403536
     -0.262673	      0.693249
      0.109208	      0.310132
     -0.195050	      0.642057
     -0.530990	      0.481895
      0.022970	      0.492039
     -0.228218	      0.588220
      0.159307	      0.410472
     -0.249703	      0.501640
     -0.591188	      0.401759
      0.227723	      0.479178
     -0.296733	      0.441413
      0.242178	      0.463176
     -0.154059	      0.569598
      0.070000	      0.396170
     -0.740495	      0.612981
      0.000594	      0.367453
      0.337624	      0.446296
     -0.373564	      0.606073
      0.274851	      0.525362
     -0.635941	      0.964904
     -0.136832	      0.268803
      0.366733	      0.402746
     -1.000396	      0.727547
      0.065248	      0.536941
     -1.367030	      0.426314
     -1.327822	      0.493409
      0.166733	      0.631417
     -0.657426	      0.384982
     -0.413267	      0.895634
     -0.186733	      0.402062
      0.864950	      0.281698
      1.010000	      0.313018
      0.241089	      0.461444
     -0.221881	      0.429454
     -0.432574	      0.471878
     -0.098119	      0.368878
     -0.356733	      0.649681
      0.968119	      0.672368
     -0.601089	      0.590234
     -0.436139	      0.426283
      0.341980	      0.469961
      0.081386	      0.866897
      0.831485	      0.218552
      0.968812	      2.175471
     -0.278515	      0.854259
      0.524851	      2.268433
      0.155743	      0.388147
      0.774257	      2.285949
     -0.313564	      0.521830
     -0.759901	      0.811156
     -0.326040	      0.674089
     -0.241980	      0.492631
      0.389901	      0.432594
     -0.716931	      0.461096
     -0.976832	      0.484055
      1.031386	      1.625571
      3.389604	      0.982974
      8.322178	      1.171194
      3.373960	      0.439266
      4.627228	      0.576631
      5.021188	      1.628284
      6.813168	      2.299680
      6.071386	      0.719312
      6.076733	      0.686433
      3.193762	      0.623254
      7.038515	      2.112970
      3.433465	      1.212961
      3.630990	      0.805945
      3.232475	      1.487470
      0.866634	      0.668753
      4.738218	      0.840681
      2.570495	      0.570040
      6.239010	      2.452304
      4.757822	      0.978457
      3.359901	      1.032678
      0.341881	      1.078145
      0.159208	      0.872128
      1.005149	      0.935368
      0.559901	      0.849907
      0.974059	      0.777120
      0.127426	      0.839692
      0.968218	      1.353319
      0.697525	      0.755934
     -0.052970	      0.585428
      0.294257	      0.962320
      0.189604	      0.891382
      1.047030	      1.348341
      1.659703	      1.646011
      1.346832	      0.807840
      0.309109	      0.638952
      0.647327	      0.893809
      0.787030	      1.074967
      0.196337	      0.967625
      0.892475	      0.916337
      2.897228	      0.790636
      1.780000	      0.398229
      1.679109	      1.011347
      2.154851	      0.628594
      1.328614	      0.420153
     -0.271188	      0.248967
      2.229505	      0.401718
      1.529307	      0.846941
      1.745347	      0.319199
      2.049901	      0.433399
      2.458020	      0.383470
      1.713069	      0.317099
      0.349802	      0.310859
     -0.144455	      0.581058
      4.612475	      2.272770
      2.469901	      0.407816
      2.475842	      0.463415
      0.549604	      0.397564
      2.280891	      0.723854
      1.806139	      0.987200
      0.817723	      0.840862
      0.805149	      0.895589
      0.448911	      0.957968
      0.633168	      1.066706
      0.851089	      0.860679
      0.867921	      0.834188
      0.721584	      0.940736
      0.250099	      0.918442
      0.655743	      1.029025
      0.991089	      0.896505
      0.927426	      0.792675
      1.122277	      0.785944
      0.679307	      0.956450
      0.600198	      0.954152
      1.080396	      0.833500
      0.290792	      0.799426
      0.455743	      0.927453
      0.051089	      1.124129
     15.481485	      9.052083
      4.937426	      2.596075
      8.282772	      4.141363
      9.205743	      4.964171
      8.709109	      4.590490
      8.049901	      3.985946
      8.305149	      4.323348
      3.344950	      1.353552
      6.023069	      2.456323
      5.753069	      2.667711
      8.104455	      4.203051
      6.913762	      4.065216
     11.809010	      7.534789
      8.584554	      4.494449
     11.218515	      4.718441
     14.629604	      7.143265
     15.322574	      8.721504
      9.937525	      4.040240
     11.892871	      5.549583
      0.220792	      0.194883
     -0.520099	      0.155369
      0.122079	      0.909187
      0.295743	      0.112693
      0.539109	      0.119480
      0.955347	      0.925737
      0.128416	      0.189516
      0.042277	      0.092938
      0.004059	      0.093525
      1.154455	      1.130976
      0.171683	      0.176029
      0.678713	      0.803644
     -0.330297	      0.209339
     -0.013267	      0.206384
     -0.009802	      0.085873
     -0.520990	      0.188593
     -0.447624	      0.239988
     -0.449406	      0.116090
     -0.091881	      0.526294
