      0.048614	      0.106780
     -1.034257	      0.562234
      0.051287	      0.099490
      0.001584	      0.143883
     -0.079208	      0.463597
      0.170099	      0.250783
      0.353564	      0.395115
     -0.018515	      0.098769
      0.189604	      0.340977
      0.210792	      0.335251
     -0.003465	      0.206922
     -0.016535	      0.199000
      0.005644	      0.011206
      0.001980	      0.007039
      0.013564	      0.074999
      0.000297	      0.178211
     -0.001980	      0.013127
      0.000198	      0.001980
     -0.030099	      0.196355
      0.000000	      0.000000
     -0.000495	      0.004950
     -0.000297	      0.005532
      0.001287	      0.038168
     -0.003465	      0.192006
     -0.053267	      0.348834
     -0.053663	      0.169745
     -0.062475	      0.233494
     -0.118515	      0.328234
      0.002673	      0.018396
      0.882277	      0.261454
      0.802178	      0.372196
      0.430099	      0.392599
      0.458515	      0.370286
      0.561386	      0.287382
     -0.003663	      0.062959
     -0.002475	      0.130250
