      0.024554	      0.069546
     -0.067228	      0.231085
      0.014554	      0.039690
      0.221089	      0.208511
     -0.000693	      0.070910
     -0.000396	      0.027464
      0.499901	      0.268765
      0.002475	      0.023140
     -0.066337	      0.313927
     -0.008020	      0.054155
      0.028713	      0.197543
      0.111485	      0.202105
      0.000198	      0.002807
      0.013663	      0.026503
     -0.012475	      0.129159
      0.029307	      0.379359
     -0.079109	      0.129333
     -0.029307	      0.020550
      0.270297	      0.177616
      0.054752	      0.028235
      0.156139	      0.090597
     -0.102376	      0.350926
      0.080396	      0.546561
      1.321188	      0.595480
      1.710198	      0.645021
      0.264356	      0.326140
      0.449505	      0.377552
      0.434752	      0.261718
      0.226139	      0.121051
      1.462772	      0.630146
      1.993465	      0.651064
      2.442277	      0.288876
      2.403168	      0.315042
     -0.017327	      0.202787
     -0.013663	      0.145069
      0.061683	      0.077320
