      0.000099	      0.000990
      0.000198	      0.001393
      0.000000	      0.000000
     -0.000099	      0.000990
      0.003069	      0.006562
     -0.001683	      0.005278
      0.000099	      0.000990
      0.000000	      0.001407
      0.000099	      0.015951
     -0.004059	      0.007857
      0.000000	      0.000000
      0.000000	      0.000000
      0.000000	      0.000000
     -0.000099	      0.000990
      0.000198	      0.001393
      0.000198	      0.003140
      0.000099	      0.000990
      0.000000	      0.000000
      0.000000	      0.000000
      0.000000	      0.000000
      0.000000	      0.000000
      0.000000	      0.000000
      0.000000	      0.000000
      0.000000	      0.000000
      0.000000	      0.000000
      0.000000	      0.000000
      0.000000	      0.000000
      0.000000	      0.000000
      0.000000	      0.000000
     -0.000099	      0.000990
     -0.000099	      0.000990
      0.000000	      0.000000
      0.000000	      0.000000
     -0.000099	      0.000990
      0.000000	      0.000000
      0.000000	      0.000000
