      0.725050	      0.214936
     -0.362475	      0.460009
      0.194059	      0.076523
     -0.082079	      0.155750
     -0.128812	      0.240228
      0.251089	      0.274846
     -0.100000	      0.148970
     -0.020396	      0.079190
      0.493960	      0.380347
      0.657030	      0.357523
      0.065743	      0.194470
      0.030891	      0.157462
     -0.002574	      0.027742
     -0.005743	      0.006190
      0.023762	      0.082003
     -0.088515	      0.189038
     -0.007921	      0.032710
     -0.000198	      0.003718
      0.235842	      0.325069
      0.000297	      0.005162
     -0.000792	      0.016452
      0.079307	      0.129815
      0.003069	      0.168850
      0.338119	      0.236123
      0.313465	      0.244975
      0.515842	      0.180474
      0.457426	      0.209600
     -0.057822	      0.158387
      0.016535	      0.040552
      1.406832	      0.295243
      0.844158	      0.198710
      0.757327	      0.172034
      1.558020	      0.166293
      0.607822	      0.131711
      0.208416	      0.303950
      0.267327	      0.326930
