      1.134257	      0.346271
      0.291089	      0.438298
      0.222871	      0.116460
      0.086040	      0.151671
     -0.082178	      0.206463
      0.237624	      0.284017
     -0.058713	      0.176387
     -0.033465	      0.127865
      0.658911	      0.392852
      1.042475	      0.379388
      0.020396	      0.210106
      0.053069	      0.134288
     -0.009802	      0.047574
     -0.007030	      0.006221
     -0.028416	      0.091432
     -0.087624	      0.177279
     -0.006238	      0.034551
     -0.000396	      0.007164
      0.144059	      0.473870
      0.000198	      0.001980
     -0.000693	      0.012917
      0.072574	      0.099061
      0.027129	      0.132204
      0.227228	      0.170591
      0.225743	      0.161628
      0.642178	      0.193189
      0.670198	      0.222390
     -0.012376	      0.133113
      0.014653	      0.047315
      1.022475	      0.242644
      0.488218	      0.157489
      0.400495	      0.201806
      1.378713	      0.207740
      0.436832	      0.174679
      0.355248	      0.495314
      0.398119	      0.524440
