     -0.642772	      0.257552
      1.164653	      0.792283
     -0.347327	      0.210181
      0.950792	      0.645707
      0.203465	      0.468229
     -0.409208	      0.475334
     -0.929406	      0.356037
      0.015941	      0.124098
     -0.787822	      1.055312
     -0.907525	      0.952866
     -0.066238	      0.328507
     -0.114059	      0.361351
     -0.003168	      0.020963
      0.009109	      0.014426
     -0.100693	      0.227484
      0.317822	      0.518539
      0.023861	      0.111746
      0.000000	      0.003980
     -0.382871	      0.272216
     -0.001386	      0.016947
     -0.000099	      0.024636
     -0.192277	      0.410691
      0.061881	      0.494564
     -0.950990	      0.665341
     -0.776634	      0.701636
     -0.547921	      0.341868
     -0.205941	      0.440816
      0.161881	      0.315791
     -0.038812	      0.110178
     -2.549406	      0.703479
     -1.026139	      0.531359
     -1.563663	      0.392755
     -2.582079	      0.313588
     -1.027624	      0.265513
      0.037129	      0.247067
     -0.165248	      0.191045
