     -0.014950	      0.021324
     -0.001980	      0.022161
     -0.057426	      0.065380
     -0.050198	      0.065188
      0.001980	      0.008086
      0.000198	      0.005446
      0.018416	      0.038991
      0.000099	      0.002223
     -0.004059	      0.012987
      0.005644	      0.028229
     -0.003564	      0.008854
     -0.001683	      0.013131
      0.000297	      0.002205
      0.000198	      0.001393
     -0.001683	      0.005278
     -0.000297	      0.007373
      0.001485	      0.005868
      0.000000	      0.000000
     -0.001881	      0.008048
      0.000000	      0.000000
      0.000000	      0.000000
     -0.000099	      0.002631
      0.000891	      0.005284
     -0.000693	      0.006639
     -0.001584	      0.005756
     -0.007228	      0.010352
     -0.004554	      0.008025
     -0.000594	      0.009421
      0.000792	      0.009085
     -0.009010	      0.015827
     -0.010990	      0.016259
     -0.007426	      0.015199
     -0.011188	      0.015175
      0.002178	      0.060339
      0.000396	      0.006737
     -0.000198	      0.008672
