     -0.086238	      0.264211
      0.264356	      0.350814
      0.010990	      0.084660
      0.019703	      0.096907
      0.064554	      0.271255
     -0.060693	      0.238133
     -0.067822	      0.283478
      0.016931	      0.090878
     -0.144158	      0.286364
     -0.185545	      0.245407
      0.016733	      0.165392
     -0.008812	      0.168366
      0.000693	      0.006931
      0.000000	      0.000000
     -0.013960	      0.088274
     -0.028812	      0.189613
     -0.003861	      0.021708
      0.000000	      0.000000
     -0.000891	      0.247335
     -0.000099	      0.000990
      0.000000	      0.001407
     -0.003762	      0.037912
     -0.014455	      0.051116
      0.021386	      0.205345
     -0.003465	      0.168008
      0.012871	      0.139094
      0.013960	      0.113006
      0.037327	      0.187558
      0.000693	      0.056503
     -0.404851	      0.304698
     -0.414455	      0.281395
     -0.178713	      0.219264
     -0.109109	      0.333185
     -0.306139	      0.337938
      0.014950	      0.175305
      0.020396	      0.196448
