     -0.317624	      0.273362
      1.113564	      0.572043
     -0.053168	      0.095792
      0.177030	      0.240060
      0.150891	      0.477738
     -0.293663	      0.398283
      0.989505	      0.473375
      0.023168	      0.073914
     -0.923168	      0.791960
     -1.076634	      0.690886
      0.066436	      0.262300
      0.035842	      0.256427
      0.000693	      0.020694
     -0.004356	      0.032804
      0.004257	      0.166081
     -0.072871	      0.417269
      0.033960	      0.141695
      0.018416	      0.026690
     -0.004257	      0.187460
      0.010990	      0.026270
     -0.031287	      0.074934
     -0.415248	      0.493710
     -0.539109	      0.528652
     -1.084653	      0.537544
     -1.474356	      0.641953
      0.270297	      0.406586
     -0.091386	      0.401985
     -0.696337	      0.473913
     -0.091188	      0.207728
     -1.125743	      0.435070
     -1.009901	      0.660149
     -0.633366	      0.515094
     -1.687327	      0.276025
      0.859208	      0.160214
     -0.065644	      0.272533
      0.056931	      0.341380
