     -0.002574	      0.023574
     -0.003267	      0.021941
     -0.003168	      0.022556
      0.000099	      0.012858
      0.000000	      0.000000
      0.000594	      0.005941
      0.000000	      0.001407
      0.000594	      0.005941
      0.006535	      0.018317
      0.000594	      0.005941
      0.000000	      0.000000
      0.000000	      0.000000
      0.000000	      0.000000
      0.000594	      0.005941
     -0.000099	      0.000990
     -0.000198	      0.012104
     -0.000198	      0.003140
      0.000000	      0.000000
      0.000000	      0.000000
      0.000000	      0.000000
      0.000000	      0.000000
      0.002970	      0.013015
      0.000594	      0.012960
      0.001188	      0.012451
      0.000594	      0.014612
     -0.000594	      0.008768
     -0.002871	      0.008598
      0.000594	      0.004410
      0.000198	      0.003718
      0.004158	      0.016843
      0.000099	      0.018748
     -0.000495	      0.006657
      0.000990	      0.004976
     -0.001188	      0.011881
      0.000000	      0.000000
      0.000000	      0.000000
