      0.001881	      0.019484
     -0.034356	      0.066174
      0.002376	      0.018729
     -0.020396	      0.054171
      0.003069	      0.015074
      0.001188	      0.014508
     -0.197525	      0.032833
      0.001089	      0.015409
      0.035644	      0.103708
      0.031980	      0.021202
      0.005248	      0.020614
      0.160990	      0.037536
     -0.000099	      0.000990
      0.010693	      0.018090
     -0.000495	      0.025069
      0.141881	      0.089881
     -0.096931	      0.055289
     -0.040594	      0.026804
      0.080693	      0.021812
      0.049802	      0.026662
      0.141188	      0.046187
     -0.022673	      0.076104
      0.200396	      0.131367
      0.628317	      0.129913
      1.061188	      0.179473
      0.013366	      0.064290
      0.300891	      0.075441
      0.547525	      0.116069
      0.202772	      0.052861
      0.584356	      0.125520
      1.023762	      0.155728
      0.546139	      0.060721
      0.544059	      0.060952
     -0.004554	      0.028788
      0.040198	      0.013569
     -0.000396	      0.010893
