     -0.005644	      0.377289
     -1.484950	      0.930355
      0.186634	      0.314562
     -0.110297	      0.515724
     -0.280792	      0.792344
      0.245545	      0.461115
      1.256535	      0.924319
     -0.025743	      0.125037
      1.245446	      1.314760
      1.137525	      1.394302
      0.789505	      0.593877
     -0.343861	      0.536115
     -0.000891	      0.007973
     -0.000099	      0.000990
      0.023861	      0.171672
     -0.034851	      0.579892
     -0.002079	      0.232026
      0.000000	      0.000000
      0.034257	      0.147133
      0.000000	      0.000000
      0.003663	      0.036634
      0.706040	      0.787586
      0.611188	      0.800992
      0.794851	      0.635936
      0.867327	      0.828767
     -0.303762	      0.693002
     -0.123960	      0.560841
      0.052178	      0.634591
      0.019505	      0.158285
      1.398020	      0.703329
      1.448614	      0.907899
      1.467723	      0.913130
      2.326238	      0.553816
      0.381980	      0.641729
      0.038119	      0.213243
      0.066436	      0.299536
