      0.834851	      0.554413
     -0.119505	      0.825261
      0.215347	      0.340438
      1.264653	      0.708428
     -0.110594	      0.560992
      0.147129	      0.449242
      1.936040	      1.071182
     -0.036931	      0.168792
      0.672376	      0.738166
      0.896634	      0.772576
      0.947921	      0.561173
      0.024455	      0.572833
     -0.008812	      0.047477
      0.018713	      0.063553
     -0.093366	      0.091709
      0.186337	      0.439695
     -0.138911	      0.126795
     -0.051683	      0.037918
      0.344950	      0.666343
      0.114950	      0.054019
      0.267030	      0.104460
      0.124851	      0.360103
      0.447822	      0.489950
      1.328713	      0.726189
      1.915149	      0.926416
      0.813069	      0.479362
      1.408812	      0.610308
      0.355050	      0.570157
      0.355050	      0.172062
      2.593366	      0.889212
      4.080693	      1.018732
      3.612574	      1.052102
      4.180891	      0.946310
      1.490990	      0.627056
      0.612673	      0.723043
      0.690792	      0.646221
