     -0.040594	      0.211313
      0.021386	      0.175483
      0.051584	      0.160505
      1.101683	      0.751798
      0.222277	      0.897103
      1.109406	      0.748876
      0.692475	      0.841119
      1.075446	      0.734689
      1.233960	      0.740435
      0.471188	      0.720737
      0.619703	      0.731137
      1.026733	      0.774180
      0.977228	      0.725424
      1.197228	      0.738432
      0.895842	      0.753859
      1.145842	      0.736006
      1.076436	      0.730072
      0.773663	      0.731055
      1.372475	      0.733824
      1.075248	      0.728273
      0.690693	      0.565590
      0.025842	      0.035496
      0.018614	      0.020587
     -0.006238	      0.034580
     -0.016238	      0.029107
     -0.019010	      0.201958
     -0.006337	      0.030917
     -0.220792	      0.483680
      0.035347	      0.093635
      0.743564	      0.382521
      0.000000	      0.000000
