     -0.002079	      0.012131
     -0.000693	      0.010269
     -0.002970	      0.009179
      0.097525	      0.054635
      0.004158	      0.096823
      0.098416	      0.055289
      0.092772	      0.074543
      0.076238	      0.053582
      0.107129	      0.049379
      0.091386	      0.049051
      0.104851	      0.049764
      0.102574	      0.049585
      0.094356	      0.051192
      0.385941	      0.199386
      0.107129	      0.049098
      0.387822	      0.173483
      0.096139	      0.052802
      0.102970	      0.051214
      0.108119	      0.049065
      0.100891	      0.051360
     -0.027525	      0.157319
      0.003564	      0.017943
     -0.002574	      0.013099
      0.101683	      0.055331
     -0.000099	      0.000990
     -0.005545	      0.045609
      0.005545	      0.026494
     -0.005347	      0.014662
      0.002376	      0.018676
     -0.040495	      0.044530
      0.035149	      0.070999
