     -0.407624	      0.147555
     -0.007525	      0.180024
      0.021980	      0.218233
     -3.571683	      0.398032
     -0.342970	      0.498172
     -2.862178	      0.425552
     -1.423762	      0.417256
     -3.045842	      0.347062
     -4.329208	      0.372534
     -1.653960	      0.330371
     -2.473564	      0.360274
     -1.937723	      0.355408
     -2.395842	      0.347874
     -1.390099	      0.409669
     -3.752178	      0.377017
     -0.838020	      0.373782
     -2.983366	      0.360745
     -0.828317	      0.435804
     -4.959802	      0.399693
     -2.935842	      0.372955
     -1.527525	      0.420260
     -0.048812	      0.101282
     -0.109901	      0.087274
     -0.028713	      0.080858
     -0.005050	      0.047128
      0.037624	      0.193151
      0.121089	      0.076623
     -0.067327	      0.225349
      0.154950	      0.178235
     -0.771980	      0.382809
     -0.005050	      0.025197
