      0.433366	      0.081036
      0.114554	      0.096867
      0.144950	      0.097368
      0.416931	      0.104878
      0.629406	      0.157580
      1.495149	      0.118719
      0.506931	      0.090080
     -0.382970	      0.154379
      1.996634	      0.098597
     -0.710792	      0.108159
      1.532574	      0.086981
      0.954554	      0.120925
     -0.814653	      0.089138
      1.614257	      0.098376
      2.435743	      0.099088
      0.992574	      0.108870
     -0.442178	      0.169177
     -1.741584	      0.151231
      2.847822	      0.112255
     -0.529703	      0.117814
      0.967723	      0.512789
      0.542376	      0.159313
      0.192376	      0.201961
     -0.086733	      0.151475
     -0.028911	      0.018716
      0.755941	      0.158865
     -0.177129	      0.149424
      0.147228	      0.075191
     -0.249307	      0.125361
      0.434257	      0.257230
     -0.003168	      0.039324
