      0.341386	      0.067575
      0.079604	      0.099284
      0.088020	      0.111560
      0.939010	      0.120761
     -0.352277	      0.208393
      1.187624	      0.105869
      0.156337	      0.096552
      0.471683	      0.134790
      1.857525	      0.117485
     -0.551287	      0.112880
      0.970297	      0.104089
      0.549109	      0.126131
     -0.279010	      0.093380
      1.134752	      0.109387
      1.728614	      0.114840
      0.673366	      0.116349
      0.387327	      0.142370
     -1.252772	      0.149813
      2.412475	      0.128405
      0.094752	      0.131974
      1.104356	      0.372331
      0.249505	      0.091742
      0.142376	      0.092299
     -0.031881	      0.076879
     -0.013762	      0.016402
      0.330891	      0.122241
     -0.132871	      0.069358
      0.154059	      0.072059
     -0.104950	      0.082530
      0.479109	      0.249479
     -0.000495	      0.017541
