      0.000000	      0.000000
      0.000000	      0.000000
      0.000000	      0.000000
      0.006733	      0.039754
     -0.000495	      0.004950
      0.008812	      0.046507
      0.110000	      0.076947
      0.003069	      0.029710
      0.002970	      0.029703
      0.000000	      0.000000
      0.002970	      0.029703
      0.002970	      0.029703
      0.000000	      0.000000
      0.012871	      0.062145
      0.002970	      0.029703
      0.004851	      0.039567
      0.002970	      0.029703
      0.003366	      0.029727
      0.000000	      0.000000
      0.002970	      0.029703
     -0.001584	      0.012327
      0.000000	      0.000000
      0.000000	      0.000000
      0.002970	      0.029703
      0.000000	      0.000000
      0.000495	      0.005147
      0.000000	      0.000000
      0.000000	      0.000000
      0.008317	      0.055918
      0.002970	      0.029703
      0.000000	      0.000000
