     -0.003168	      0.007952
     -0.000198	      0.003441
      0.004356	      0.005343
      0.276634	      0.326822
      0.095248	      0.080538
      0.152079	      0.161137
      0.001782	      0.016614
      0.829307	      0.267505
     -0.011485	      0.013003
      0.045941	      0.041677
      0.009208	      0.022057
      0.015743	      0.035414
      0.064950	      0.070495
      0.013861	      0.026512
      0.039406	      0.092873
      0.018020	      0.030508
      0.035941	      0.124393
      0.038218	      0.122284
     -0.015644	      0.022357
     -0.002178	      0.008856
     -0.011683	      0.018566
     -0.001980	      0.004671
     -0.000792	      0.005573
      0.001584	      0.004610
     -0.000792	      0.003901
     -0.004455	      0.015317
      0.000594	      0.004410
      0.000792	      0.005205
      0.002079	      0.020016
     -0.002178	      0.005190
      0.000000	      0.000000
