     -0.004158	      0.189011
     -0.209901	      0.166534
      0.128911	      0.174548
     -0.277525	      0.399094
     -0.162475	      0.431285
     -0.236931	      0.398121
     -0.127822	      0.352562
     -0.196733	      0.384505
     -0.210891	      0.393147
      0.136931	      0.326532
     -0.359109	      0.404759
     -0.233861	      0.385194
     -0.066634	      0.332775
     -0.377426	      0.406890
     -0.165248	      0.379175
     -0.227327	      0.359336
     -0.259208	      0.388933
      0.106139	      0.345849
     -0.140990	      0.409790
     -0.274356	      0.383273
      0.034356	      0.316116
      0.223960	      0.156920
      0.134950	      0.137766
     -0.033663	      0.078975
      0.016139	      0.075242
      0.197327	      0.123440
      0.199604	      0.243457
     -0.149505	      0.140151
     -0.053069	      0.133467
     -0.308713	      0.303281
     -0.000495	      0.023479
