     -0.161485	      0.285051
     -0.048218	      0.218081
     -0.051584	      0.221354
     -1.110000	      0.571125
     -0.480297	      0.739634
     -1.010693	      0.567468
     -0.702277	      0.586603
     -0.548515	      0.572625
     -1.543069	      0.570481
     -0.590891	      0.585112
     -0.804257	      0.569862
     -0.247327	      0.589940
     -0.699109	      0.565194
     -0.992970	      0.560517
     -1.030495	      0.571686
     -0.298515	      0.603454
     -0.504455	      0.576209
     -0.578812	      0.571481
     -1.546634	      0.571410
     -0.166634	      0.578753
     -1.462277	      0.331399
     -0.199307	      0.058433
     -0.005842	      0.133878
      0.047426	      0.052287
      0.026733	      0.066005
     -0.136931	      0.151708
      0.021386	      0.045316
      0.051584	      0.317305
     -0.029505	      0.032681
     -0.868416	      0.430477
      0.000297	      0.016736
