      0.000000	      0.000000
      0.000594	      0.004180
      0.000099	      0.003586
      0.000000	      0.000000
     -0.002178	      0.007656
      0.000000	      0.000000
      0.000000	      0.000000
      0.000000	      0.000000
      0.000000	      0.000000
      0.000000	      0.000000
      0.000000	      0.000000
      0.000000	      0.000000
      0.000000	      0.000000
      0.000000	      0.000000
      0.000000	      0.000000
      0.000000	      0.000000
      0.000000	      0.000000
      0.000000	      0.000000
      0.000000	      0.000000
      0.000000	      0.000000
      0.000396	      0.002786
      0.000000	      0.000000
      0.000000	      0.000000
      0.000198	      0.001980
      0.000000	      0.000000
      0.000000	      0.000000
      0.000000	      0.000000
      0.000000	      0.000000
      0.000000	      0.000000
      0.001980	      0.007178
     -0.000198	      0.001980
