     -0.000396	      0.002405
     -0.001089	      0.006585
     -0.001089	      0.006118
      0.053960	      0.020152
     -0.047327	      0.022156
      0.054851	      0.021692
      0.047129	      0.029862
      0.052970	      0.017719
      0.052871	      0.017929
      0.051980	      0.015026
      0.052772	      0.017917
      0.052772	      0.017862
      0.052079	      0.015111
      0.179406	      0.059200
      0.052772	      0.017862
      0.170990	      0.050805
      0.052970	      0.017941
      0.052970	      0.017941
      0.051881	      0.015006
      0.052772	      0.017917
      0.100594	      0.043891
     -0.001188	      0.012687
      0.000000	      0.000000
      0.051881	      0.038350
      0.000000	      0.000000
     -0.002574	      0.013618
     -0.000297	      0.019163
     -0.001089	      0.003697
      0.005248	      0.029537
     -0.051188	      0.026224
      0.020396	      0.044073
