      0.765743	      0.460453
      0.006337	      0.167224
      0.010792	      0.160085
      1.114059	      0.736391
      0.345545	      0.878061
      0.734059	      0.772176
      0.858218	      0.819064
      1.177723	      0.693170
      1.211881	      0.695372
      0.581980	      0.777508
      0.652475	      0.693317
      0.985644	      0.732822
      1.093564	      0.708326
      1.087624	      0.696019
      0.869307	      0.712861
      1.084257	      0.824576
      1.196238	      0.696064
      1.069604	      0.705952
      1.220594	      0.704118
      1.203663	      0.692733
      0.903069	      0.734907
      0.000000	      0.000000
     -0.000297	      0.002970
     -0.001089	      0.010891
     -0.002475	      0.012540
     -0.049307	      0.196374
      0.000000	      0.000000
     -0.219703	      0.466645
     -0.002475	      0.113481
      0.737228	      0.378988
      0.000000	      0.000000
