      0.923663	      0.494468
      0.070099	      0.170233
      0.392970	      0.225615
      0.904752	      1.125431
      1.147624	      1.175582
      2.099505	      1.226629
      0.268416	      0.960033
      1.030693	      0.913750
      0.348218	      0.763322
      0.394455	      2.338276
      0.298515	      0.753587
      1.361584	      0.874830
     -1.180396	      1.065562
      2.903168	      0.901544
      1.169109	      0.817362
      3.147525	      0.882002
     -0.682475	      0.845492
      4.158713	      2.332609
      1.306832	      0.788844
     -1.381584	      0.786442
      0.763366	      0.722119
      0.791881	      0.247045
      0.370990	      0.306101
      0.024950	      0.327682
     -0.018416	      0.136242
      1.125545	      0.338138
      0.032475	      0.321332
     -0.112178	      0.494001
      1.801287	      0.803666
      0.364950	      0.532172
      0.046733	      0.107354
