      0.000000	      0.000000
     -0.000099	      0.003852
      0.000495	      0.005147
      0.644752	      0.282270
      0.577426	      0.153046
      0.591287	      0.195522
      0.587921	      0.176609
      0.215347	      0.331261
      0.228614	      0.333294
      0.210198	      0.263352
     -0.000000	      0.003980
     -0.005644	      0.009690
     -0.012277	      0.020483
     -0.000396	      0.004859
      0.302178	      0.318734
      0.317723	      0.327562
      0.282277	      0.299623
      0.038614	      0.187680
      0.026139	      0.185403
      0.463861	      0.435322
      0.440495	      0.377142
      0.463564	      0.462217
      0.026139	      0.357048
      0.007525	      0.065482
      0.009802	      0.099274
      0.008812	      0.094934
      0.000198	      0.003140
      0.014950	      0.112317
      0.039703	      0.157766
      0.006535	      0.059577
      0.130495	      0.237942
      0.144950	      0.235946
      0.156832	      0.235258
      0.173762	      0.549181
      0.015446	      0.725513
      0.238416	      0.369269
     -0.094455	      0.193234
     -0.109802	      0.222715
     -0.067723	      0.196896
     -0.116931	      0.215920
     -0.030891	      0.207489
     -0.225446	      0.230812
     -0.231584	      0.287129
     -0.146040	      0.208674
     -0.193564	      0.277016
      0.023267	      0.031938
     -0.000297	      0.003575
     -0.000099	      0.004336
      0.000099	      0.002223
      0.009901	      0.188672
      0.013168	      0.496758
      0.342475	      0.334594
      0.381881	      0.337098
     -0.050990	      0.174018
      0.082178	      0.210927
      0.019703	      0.178999
      0.037723	      0.084653
      0.014356	      0.050608
     -0.011089	      0.019544
      0.009901	      0.026232
     -0.054851	      0.124157
     -0.026337	      0.042930
     -0.009208	      0.083556
      0.028911	      0.045640
     -0.012277	      0.075254
     -0.016931	      0.031078
     -0.012574	      0.099201
      0.007822	      0.025817
     -0.016733	      0.033776
      0.012079	      0.061617
      0.191584	      0.362278
