-5.4806e-01
-5.2290e-02
3.7464e-01
1.0204e+01
1.3109e+00
2.8299e+00
1.1703e+00
4.4944e-01
-2.5452e-01
7.1710e-02
-7.6849e-01
-2.0968e-01
-1.9700e-02
-1.0982e-01
-7.9877e-01
-8.0248e-01
-6.3674e-01
-9.2562e-01
-1.6210e-01
3.0213e-01
5.2188e-01
-1.3760e+00
5.8141e-01
2.4931e+00
8.0060e-02
9.5216e-01
1.3145e+00
2.0250e-02
1.3767e-01
2.1473e-01
3.6760e-02
5.2510e-02
-4.8420e-02
-1.0384e-01
8.2610e-02
-4.7944e-01
-8.4019e-01
-9.7647e-01
-4.6200e-02
-2.7619e-01
-1.8199e-01
-1.7610e+00
1.7284e-01
-1.9050e+00
-1.0958e+00
-6.1100e-03
2.7347e-01
1.8711e+00
2.8315e-01
1.6986e+00
2.0563e+00
1.1065e+00
-2.6493e-01
-1.1433e+00
9.9034e-01
1.0984e+00
9.3854e-01
9.4624e-01
1.3049e-01
9.2110e-02
-4.1878e-01
3.8353e-01
8.3193e-01
-4.1842e-01
-8.1186e-01
4.2249e-01
-7.1691e-01
-9.7130e-01
-2.4165e+00
2.1081e+00
-1.1593e+00
