     -0.006832	      0.048847
      0.450198	      0.216447
      0.453663	      0.228940
     -0.014554	      0.088503
      0.004653	      0.027881
      0.016139	      0.070780
     -0.025545	      0.063487
     -0.142178	      0.061186
     -0.146832	      0.064300
     -0.047723	      0.076649
      0.033663	      0.034027
      0.051089	      0.052387
      0.033960	      0.040322
      0.004257	      0.030551
     -0.199901	      0.096025
     -0.198614	      0.094858
      0.052475	      0.117283
      0.043762	      0.063990
      0.026634	      0.076834
     -0.482574	      0.117958
      0.000297	      0.007637
     -0.631683	      0.287581
     -0.009901	      0.024393
      0.002376	      0.029388
     -0.005446	      0.038138
     -0.006535	      0.037534
      0.000099	      0.001721
      0.000792	      0.018003
     -0.026634	      0.045343
     -0.040891	      0.013431
     -0.006337	      0.016811
      0.003564	      0.039341
     -0.030792	      0.027420
     -0.049208	      0.073089
     -0.085248	      0.104546
      0.003168	      0.029076
     -0.297624	      0.101202
     -0.295149	      0.104233
     -0.297525	      0.100872
     -0.160990	      0.129052
     -0.297822	      0.100815
     -0.297327	      0.101580
     -0.439307	      0.179539
     -0.296931	      0.100786
     -0.297624	      0.101212
      0.006634	      0.046826
      0.102475	      0.100301
      0.023564	      0.099738
     -0.013267	      0.020494
      0.000594	      0.005597
      0.068713	      0.104243
     -0.074752	      0.024840
     -0.073267	      0.024741
     -0.221287	      0.187842
      0.622772	      0.331137
      0.780990	      0.362132
      0.536436	      0.233889
      0.536139	      0.235098
      0.543366	      0.242026
      0.008812	      0.040475
     -0.004950	      0.038554
      0.413267	      0.154357
      0.160297	      0.075353
      0.161386	      0.075085
      0.157030	      0.085891
      0.157921	      0.073999
      0.173267	      0.074103
      0.159802	      0.078853
      0.249307	      0.092064
     -0.103762	      0.122796
     -0.001584	      0.061864
