     -0.158713	      0.091918
      0.162277	      0.181227
      0.040990	      0.122487
     -0.667525	      0.262031
      0.111584	      0.115765
      1.339109	      0.374489
      0.529604	      0.350886
      0.381188	      0.295720
      0.308515	      0.212595
      0.115248	      0.189609
     -0.600990	      0.350755
      1.300000	      0.299167
     -0.002871	      0.292190
     -0.191485	      0.295016
      0.252277	      0.237002
      0.675149	      0.201807
     -0.028119	      0.300375
      0.557822	      0.451858
      0.972574	      0.482191
      0.179406	      0.122117
      0.220198	      0.112962
     -0.119802	      0.173929
      0.396436	      0.084567
     -0.001782	      0.081062
     -0.013168	      0.120164
      0.168416	      0.193620
      0.009010	      0.047335
      0.021287	      0.148768
      0.415149	      0.506253
      0.064851	      0.046151
     -0.110297	      0.121268
     -0.273267	      0.238826
      0.070594	      0.096162
      0.388515	      0.297276
      1.121386	      0.223992
      0.078812	      0.095007
      0.752871	      0.178815
      0.448515	      0.199288
      0.878911	      0.184809
      0.174851	      0.265269
      0.947822	      0.207167
     -0.472673	      0.250385
      0.480594	      0.223801
     -1.082277	      0.527011
      0.452178	      0.205232
      0.555644	      0.367826
      0.151287	      0.155128
      0.989901	      0.308778
      0.003663	      0.026800
      0.143564	      0.094446
     -0.026931	      0.161041
      0.496634	      0.122388
     -0.012871	      0.083064
      0.181089	      0.250769
      0.753861	      0.307494
      0.500099	      0.304931
      1.155842	      0.366080
      0.960792	      0.304249
     -0.241386	      0.300449
     -0.031188	      0.120521
     -0.210099	      0.079534
     -0.437129	      0.202711
      0.184554	      0.139692
      0.394455	      0.200156
     -0.001287	      0.094142
     -0.312178	      0.188194
     -0.730792	      0.759234
     -0.003267	      0.061614
     -0.525446	      0.314210
     -0.359307	      0.252615
     -1.002475	      0.583201
