     -0.374257	      0.259346
     -0.643663	      0.499373
     -0.235347	      0.300849
     -0.104158	      0.380180
     -0.630792	      0.210293
     -1.212772	      0.430535
     -0.787723	      0.417173
     -1.062871	      0.341225
     -0.967921	      0.382126
     -0.668416	      0.372013
      0.066436	      0.315716
     -0.621881	      0.342636
     -0.232277	      0.194920
     -0.295743	      0.168484
     -0.615446	      0.472431
     -1.093960	      0.449962
     -0.250396	      0.578550
     -0.576535	      0.328584
     -0.911386	      0.467765
     -0.233762	      0.306665
     -0.664851	      0.285028
      0.297822	      0.538598
     -1.197921	      0.236100
     -0.057624	      0.099625
     -0.090198	      0.200697
     -0.236832	      0.217173
     -0.026931	      0.107416
     -0.299307	      0.106949
     -0.611089	      0.343548
     -0.161188	      0.151509
     -0.126337	      0.331554
     -0.133069	      0.317106
      0.019505	      0.288243
     -0.755941	      0.380802
     -1.329208	      0.471586
     -0.457624	      0.192396
     -1.394356	      0.369234
     -1.310099	      0.430674
     -2.054059	      0.401394
     -0.385050	      0.758270
     -2.178515	      0.446490
     -1.272277	      0.427009
     -0.564455	      0.709794
     -1.177030	      0.357424
     -1.021584	      0.486669
     -0.345050	      0.299817
     -0.610990	      0.455002
     -0.769406	      0.439029
     -0.031089	      0.037992
     -0.272772	      0.206580
     -0.228020	      0.326927
     -2.072475	      0.267276
     -1.582574	      0.198238
      0.407030	      0.568919
     -0.459505	      0.600372
     -0.416931	      0.593741
     -1.442574	      0.604619
     -1.384950	      0.596534
     -0.977624	      0.495978
     -0.056832	      0.268612
     -0.403366	      0.188723
      0.223168	      0.366144
     -0.004554	      0.363603
     -0.569505	      0.382554
     -0.161089	      0.287832
      0.036535	      0.282494
      0.081386	      0.634633
     -0.320000	      0.304816
      0.076436	      0.513039
      0.469802	      0.417892
      0.141287	      0.582616
