      0.096238	      0.126427
      0.189109	      0.174561
      0.033564	      0.114092
     -0.194158	      0.190877
      0.319703	      0.090000
      1.143366	      0.286254
      0.648812	      0.282798
      0.641683	      0.272132
      0.575149	      0.247929
      0.359109	      0.235116
     -0.330495	      0.254354
      0.905446	      0.257922
      0.191188	      0.199133
     -0.002970	      0.200225
      0.391089	      0.287295
      0.743564	      0.259075
      0.093861	      0.358545
      0.477228	      0.294494
      0.781386	      0.345514
      0.221089	      0.146212
      0.327426	      0.144062
     -0.032970	      0.194058
      0.570297	      0.085289
      0.020495	      0.058890
      0.041386	      0.131879
      0.162277	      0.164545
      0.013960	      0.059604
      0.127030	      0.089901
      0.444554	      0.339387
      0.082178	      0.057894
      0.011485	      0.174154
     -0.043762	      0.168022
      0.121386	      0.157939
      0.557624	      0.239360
      1.072277	      0.234660
      0.218812	      0.093811
      0.962574	      0.214405
      0.791584	      0.236315
      1.254950	      0.216551
      0.556139	      0.282513
      1.329505	      0.245826
      0.260198	      0.251384
      0.731584	      0.297707
     -0.126436	      0.348060
      0.671584	      0.272385
      0.413762	      0.243765
      0.309406	      0.236173
      0.714257	      0.271039
      0.009604	      0.022556
      0.161386	      0.122078
     -0.355050	      0.212592
      0.636436	      0.134109
      0.196040	      0.063356
     -0.242277	      0.284545
      0.489604	      0.242695
      0.322376	      0.255735
      0.865842	      0.275038
      0.753267	      0.244771
      0.002970	      0.207171
     -0.020495	      0.103229
      0.109505	      0.103554
     -0.387228	      0.209337
      0.000891	      0.173736
      0.340297	      0.203584
      0.015743	      0.146857
     -0.216139	      0.186855
     -0.448119	      0.593764
      0.072574	      0.112827
     -0.272079	      0.276382
     -0.281881	      0.220300
     -0.495545	      0.439267
