     -0.000198	      0.012741
     -0.008119	      0.013839
     -0.005446	      0.012390
      0.061980	      0.087823
      0.013168	      0.034867
     -0.018812	      0.075088
     -0.004752	      0.028653
     -0.035743	      0.086692
     -0.028317	      0.079604
     -0.020594	      0.059049
      0.002277	      0.015148
     -0.001386	      0.018670
      0.002277	      0.013192
     -0.000792	      0.003638
     -0.004356	      0.037744
     -0.016436	      0.047691
      0.001287	      0.076348
     -0.006535	      0.044797
     -0.009703	      0.088759
     -0.009703	      0.007238
     -0.010693	      0.007072
     -0.000693	      0.037792
     -0.022673	      0.016038
      0.000000	      0.003147
      0.002871	      0.008002
     -0.001584	      0.005756
     -0.000198	      0.001980
      0.001188	      0.044506
     -0.009010	      0.071608
     -0.000099	      0.002223
     -0.003366	      0.006789
     -0.002970	      0.007777
     -0.003762	      0.007292
      0.033069	      0.089218
     -0.032673	      0.078965
     -0.004851	      0.036793
     -0.024356	      0.076436
     -0.018614	      0.090182
     -0.036337	      0.080318
     -0.006535	      0.073261
     -0.036040	      0.085122
     -0.019307	      0.067637
     -0.024950	      0.086923
     -0.005842	      0.090206
     -0.024554	      0.083625
      0.000198	      0.013786
     -0.001386	      0.010993
     -0.007129	      0.018039
      0.000198	      0.002807
     -0.002673	      0.006432
      0.042574	      0.026010
     -0.024752	      0.011397
     -0.008515	      0.006949
      0.018911	      0.046606
     -0.003762	      0.018177
     -0.002277	      0.016403
     -0.006931	      0.016090
     -0.008317	      0.015291
      0.000594	      0.012729
     -0.001287	      0.006240
     -0.035842	      0.071133
      0.003465	      0.018263
      0.011584	      0.036281
     -0.011980	      0.022516
      0.000990	      0.016680
     -0.001683	      0.013281
      0.262178	      0.325091
     -0.007327	      0.013563
     -0.004455	      0.035165
      0.001584	      0.021651
      0.050297	      0.124777
