      0.124653	      0.267088
     -0.040594	      0.097156
     -0.001188	      0.055585
     -0.070693	      0.155635
     -0.045050	      0.068544
     -0.021584	      0.224021
     -0.067822	      0.156500
     -0.121782	      0.283725
     -0.114059	      0.274223
     -0.080891	      0.205046
      0.020198	      0.090532
      0.062178	      0.177550
      0.021386	      0.079591
      0.012574	      0.072790
     -0.179208	      0.256549
     -0.182871	      0.278626
     -0.120792	      0.236579
      0.039406	      0.226972
      0.003069	      0.227003
     -0.123960	      0.375785
     -0.014059	      0.295240
     -0.112871	      0.339196
     -0.031683	      0.371398
      0.010990	      0.110449
      0.000495	      0.141284
      0.032376	      0.158995
      0.000396	      0.015916
      0.028317	      0.154651
      0.140990	      0.251654
      0.006733	      0.133914
     -0.036832	      0.298089
     -0.069604	      0.163906
     -0.012178	      0.191759
     -0.072178	      0.393657
      0.069604	      0.439966
     -0.110099	      0.333872
      0.190396	      0.372811
      0.260396	      0.337961
      0.598515	      0.353888
      0.105248	      0.369647
      0.307129	      0.409391
      0.363861	      0.357089
      0.365149	      0.376384
      0.282178	      0.371341
      0.260000	      0.461860
      0.067723	      0.125595
      0.039604	      0.227474
      0.000990	      0.206989
      0.006634	      0.065631
     -0.021584	      0.148015
     -0.079208	      0.321961
     -0.242673	      0.385658
     -0.174653	      0.344477
      0.023465	      0.209863
     -0.011089	      0.330780
     -0.058515	      0.234049
      0.196832	      0.289926
      0.156238	      0.272494
      0.007723	      0.128871
      0.036238	      0.110953
      0.068713	      0.132804
     -0.048119	      0.242249
     -0.094356	      0.208680
      0.121485	      0.249067
      0.011287	      0.191465
     -0.019604	      0.223332
      0.205842	      0.399252
     -0.003366	      0.229667
     -0.014950	      0.246266
      0.032970	      0.198158
     -0.300000	      0.240408
