     -0.445050	      0.495350
     -0.153663	      0.127572
     -0.086535	      0.135569
     -0.005842	      0.207041
     -0.021980	      0.055847
     -0.002277	      0.253439
      0.107723	      0.171215
     -0.012772	      0.492024
     -0.154554	      0.453151
     -0.236832	      0.432906
      0.210495	      0.335764
     -0.607624	      0.306171
     -0.083663	      0.336498
      0.026634	      0.298091
     -0.088911	      0.308615
     -0.268515	      0.320761
     -0.173762	      0.365662
     -0.117723	      0.181680
     -0.059604	      0.229372
     -0.178317	      0.258802
     -0.498317	      0.245107
      0.152277	      0.428723
     -0.051188	      0.121698
     -0.038416	      0.074777
     -0.012178	      0.167359
     -0.062673	      0.166299
     -0.000198	      0.093258
      0.045545	      0.118074
      0.002277	      0.179239
     -0.036337	      0.157930
      0.019010	      0.342181
      0.249010	      0.590939
     -0.110198	      0.310091
      0.047723	      0.427173
     -0.077624	      0.613555
     -0.051089	      0.182127
     -0.639406	      0.566299
     -0.504059	      0.595272
     -0.603861	      0.638699
     -0.150891	      0.620879
     -0.608713	      0.646497
     -0.061287	      0.635838
     -0.053267	      0.653095
     -0.460000	      0.547777
     -0.090990	      0.724367
     -0.077723	      0.223606
     -0.850099	      0.609219
     -0.642673	      0.524223
     -0.003663	      0.026541
     -0.082178	      0.176510
      0.224059	      0.401204
     -0.071386	      0.201475
      0.065644	      0.120645
     -0.068020	      0.364580
     -0.434851	      0.228428
      0.012277	      0.350233
     -0.649109	      0.155691
     -0.650990	      0.147081
     -0.172970	      0.158879
     -0.016139	      0.078526
      0.237129	      0.286454
      0.384356	      0.348125
      0.024455	      0.305369
     -0.045248	      0.297187
      0.001881	      0.226168
      0.274554	      0.332246
      0.169901	      0.384925
      0.003762	      0.197729
      0.389109	      0.391375
      0.303069	      0.362379
      0.338119	      0.339273
