      0.000198	      0.001393
     -0.056436	      0.018752
     -0.056238	      0.019028
      0.005842	      0.006932
      0.000495	      0.003263
      0.005149	      0.006838
      0.005446	      0.006825
      0.000198	      0.001980
      0.000198	      0.001980
      0.000000	      0.000000
      0.000000	      0.000000
      0.000000	      0.000000
      0.000000	      0.000000
      0.000000	      0.000000
      0.000297	      0.002205
      0.000297	      0.002205
      0.000099	      0.000990
     -0.000099	      0.000990
      0.000198	      0.003140
      0.179208	      0.069847
      0.000000	      0.000000
      0.123168	      0.079726
      0.000000	      0.000000
     -0.000990	      0.006822
     -0.000198	      0.004871
     -0.000099	      0.006052
      0.000000	      0.000000
      0.000000	      0.000000
      0.000198	      0.001980
      0.000000	      0.000000
      0.000000	      0.000000
      0.000000	      0.000000
      0.000000	      0.000000
      0.000000	      0.000000
      0.000000	      0.000000
      0.000000	      0.000000
      0.000000	      0.000000
      0.000000	      0.000000
      0.000000	      0.000000
      0.000000	      0.000000
      0.000000	      0.000000
      0.000000	      0.000000
      0.000000	      0.000000
      0.000099	      0.000990
      0.000000	      0.000000
      0.000000	      0.000000
      0.000000	      0.000000
      0.000000	      0.000000
      0.000000	      0.000000
      0.000000	      0.000000
      0.000000	      0.000000
      0.000000	      0.000000
      0.000000	      0.000000
      0.000396	      0.002786
      0.000000	      0.002814
      0.000000	      0.004667
      0.000198	      0.001980
      0.000198	      0.001980
     -0.000198	      0.001393
      0.000000	      0.000000
      0.000000	      0.000000
      0.000000	      0.000000
      0.000000	      0.000000
      0.000000	      0.000000
      0.000000	      0.000000
      0.000000	      0.000000
      0.000000	      0.000000
      0.000000	      0.000000
      0.000000	      0.000000
      0.000000	      0.000000
      0.000297	      0.002205
