     -0.003267	      0.036913
      0.238713	      0.039090
      0.241881	      0.041236
      0.004158	      0.017135
      0.001089	      0.005611
      0.005941	      0.016838
      0.002178	      0.011908
      0.002178	      0.007526
      0.003366	      0.011797
      0.003762	      0.008771
     -0.000000	      0.005074
      0.001584	      0.022853
     -0.001980	      0.012350
     -0.000693	      0.007347
      0.001287	      0.008042
      0.002574	      0.009714
      0.002079	      0.008596
      0.002178	      0.010955
      0.004554	      0.014038
     -0.260198	      0.043166
     -0.000099	      0.001721
     -0.284950	      0.044111
     -0.002376	      0.012519
     -0.000693	      0.006639
     -0.000396	      0.009111
     -0.001188	      0.011370
     -0.000099	      0.000990
      0.000000	      0.001407
      0.002277	      0.008311
      0.000594	      0.005232
      0.000000	      0.000000
      0.010990	      0.011899
     -0.013564	      0.015895
     -0.004257	      0.017539
     -0.010000	      0.023037
     -0.000990	      0.012065
      0.023663	      0.019383
      0.022178	      0.019068
      0.023861	      0.019190
      0.011188	      0.016124
      0.023861	      0.019190
      0.023663	      0.019383
      0.043465	      0.027947
      0.023663	      0.019383
      0.023762	      0.019389
      0.004356	      0.020021
      0.112772	      0.083169
      0.003069	      0.076466
      0.000099	      0.000990
     -0.000099	      0.001721
     -0.038713	      0.040337
      0.006733	      0.005470
      0.006733	      0.005470
     -0.142871	      0.058366
      0.594158	      0.084669
      0.661188	      0.104126
      0.326436	      0.035616
      0.326337	      0.036199
      0.326436	      0.036167
      0.002772	      0.010159
     -0.000099	      0.002631
      0.030495	      0.019056
      0.016535	      0.010092
      0.015941	      0.009767
      0.016733	      0.010060
      0.016139	      0.010338
      0.015743	      0.013000
      0.015941	      0.010067
      0.022178	      0.014665
     -0.005050	      0.008160
     -0.000099	      0.008844
