      0.548218	      0.794341
      0.150000	      0.262467
     -0.286040	      0.465824
      0.722970	      0.372366
      0.547426	      0.114231
      0.591386	      0.226681
      0.532970	      0.292478
      1.803960	      0.816433
      1.790297	      0.804798
      1.699109	      0.826698
      0.036535	      0.337033
      0.071683	      0.403122
      0.003861	      0.353632
      0.018119	      0.314733
      0.758416	      0.661254
      0.858020	      0.719458
      0.309703	      0.847523
      0.024158	      0.295036
      0.057921	      0.378910
      0.430891	      0.459048
      0.457624	      0.384469
      0.006238	      0.795186
      1.493960	      0.454278
      0.043861	      0.185616
      0.130891	      0.430880
      0.132178	      0.397008
      0.022970	      0.213665
      0.052475	      0.178078
      0.054356	      0.247068
      0.025347	      0.185635
      0.226436	      0.539790
     -0.126634	      0.843521
      0.195743	      0.580357
      0.340099	      0.655535
      0.433564	      0.847019
      0.163267	      0.462407
      1.493168	      0.936195
      1.498911	      0.978007
      1.595545	      0.924772
      0.638614	      1.119539
      1.619406	      0.938594
      1.568614	      0.940855
      0.911089	      1.228171
      1.518812	      0.942989
      1.089109	      1.078396
     -0.049109	      0.221740
      1.195743	      0.940210
      0.290099	      0.779824
      0.000396	      0.005957
      0.179010	      0.501746
      0.302772	      1.183577
      1.821188	      0.326237
      1.863663	      0.269244
     -0.466139	      0.706140
     -0.154653	      0.568913
     -0.637822	      0.814821
      0.148515	      0.286572
      0.140297	      0.271616
      0.135545	      0.260249
     -0.017030	      0.088189
      0.372079	      0.455932
      0.003861	      0.438801
      0.001287	      0.483974
      0.124356	      0.382370
      0.053960	      0.285387
      0.031782	      0.332344
      0.083861	      0.377918
      0.058020	      0.233527
     -0.054554	      0.520325
     -0.053069	      0.244928
      0.356337	      0.605319
