     -0.226139	      0.347044
      0.284554	      0.361344
      0.104059	      0.303345
      1.640891	      2.030676
      0.897327	      0.303706
      2.344554	      0.611563
      1.514653	      0.525931
      1.549604	      0.879545
      1.418416	      0.873793
      1.273267	      0.907582
     -0.528020	      0.427116
      1.127921	      0.395272
     -0.064356	      0.304882
     -0.413069	      0.287443
      0.585842	      0.635866
      0.770891	      0.703347
      0.534851	      0.919088
      0.470396	      0.593423
      0.849505	      0.606569
      0.174950	      0.566477
      0.237921	      0.455823
     -0.138218	      0.669768
      1.163069	      0.498649
      0.002772	      0.330625
      0.050099	      0.297619
      0.177723	      0.329608
      0.012475	      0.138209
     -0.009406	      0.350594
      0.436139	      0.598963
     -0.061188	      0.207709
      0.097129	      0.339972
     -0.246337	      0.422655
      0.391881	      0.456636
      0.752475	      0.699017
      1.268119	      0.825238
      0.162376	      0.671775
      0.967426	      0.790733
      0.830594	      0.793644
      1.262970	      0.659292
      0.652574	      0.843174
      0.969901	      0.703328
     -0.181881	      0.704846
      1.159307	      0.814856
     -0.801980	      1.082906
      0.819802	      0.797014
      0.618713	      0.508871
      0.438218	      0.366448
      0.588713	      0.451389
     -0.024653	      0.083968
      0.099010	      0.367546
      0.173861	      1.387758
      0.813564	      0.484736
      0.662079	      0.457346
     -0.462673	      0.580208
      1.485842	      0.773301
      1.187822	      0.882477
      1.162178	      0.585347
      0.839307	      0.516353
     -0.384752	      0.483563
     -0.086238	      0.184594
      0.050495	      0.519793
      0.194554	      0.443803
      0.316139	      0.360355
      0.531089	      0.359826
      0.089109	      0.287564
     -0.030693	      0.309254
      0.930297	      1.686499
     -0.016733	      0.292541
     -0.128614	      0.518578
      0.048713	      0.331832
      2.116238	      2.133435
