      0.032700	      0.029081
     -0.002500	      0.011948
      0.001200	      0.009086
      0.016800	      0.087222
      0.028700	      0.321520
      0.177900	      0.295226
      0.020700	      0.117118
     -0.009800	      0.283065
     -0.032500	      0.177569
      0.870400	      0.261044
     -0.015600	      0.346746
     -0.001600	      0.014610
     -0.043000	      0.287800
      0.000000	      0.000000
     -0.002700	      0.026865
      0.000000	      0.000000
     -0.000800	      0.008085
      0.000000	      0.004899
     -0.000800	      0.008795
