      1.216200	      0.489720
     -0.013600	      0.124190
     -0.008200	      0.167698
      0.031300	      0.081224
     -0.164800	      0.339940
      0.811000	      0.503435
      0.069800	      0.145396
     -0.200100	      0.376777
      0.245300	      0.264917
      1.482100	      0.340547
     -0.194300	      0.388966
     -0.008200	      0.139881
      0.213400	      0.319866
      0.034300	      0.080923
      0.032200	      0.073275
      0.049200	      0.097341
     -0.069600	      0.246414
     -0.048900	      0.068642
     -0.214200	      0.298755
