      0.000000	      0.000000
     -0.000200	      0.001990
     -0.000200	      0.001990
     -0.000100	      0.000995
      0.000000	      0.000000
      0.001500	      0.005172
      0.000000	      0.000000
     -0.000200	      0.001990
     -0.000200	      0.001990
      0.000000	      0.000000
      0.001100	      0.004449
     -0.000200	      0.001990
      0.000000	      0.000000
     -0.000200	      0.001990
     -0.000200	      0.001990
     -0.000200	      0.001990
      0.000000	      0.000000
      0.000000	      0.000000
     -0.000200	      0.001990
