      0.445600	      0.179674
      0.022100	      0.048606
     -0.005000	      0.022869
     -0.005100	      0.134970
      0.618600	      0.471067
      0.625200	      0.133981
      0.003600	      0.053433
     -0.158500	      0.209334
      0.082000	      0.156882
      0.902200	      0.137183
     -0.276500	      0.264164
     -0.000300	      0.029815
      0.043300	      0.160250
      0.000300	      0.002985
      0.000100	      0.003604
      0.000000	      0.000000
     -0.016700	      0.095740
     -0.001800	      0.024915
     -0.022700	      0.112844
