     -1.176000	      0.462796
      0.003700	      0.127950
      0.017100	      0.051736
     -0.084000	      0.253365
      0.001900	      1.220947
     -1.540700	      0.418381
     -0.021000	      0.131236
      0.257400	      0.593449
     -0.298300	      0.515484
     -3.231600	      0.390578
      0.221800	      0.811503
      0.006900	      0.053511
     -0.154100	      0.546941
     -0.001800	      0.011347
      0.002900	      0.029096
     -0.000900	      0.007224
      0.045100	      0.247481
      0.005000	      0.062793
      0.080200	      0.290909
