      0.234600	      0.120378
      0.041400	      0.043012
     -0.003500	      0.015058
     -0.095700	      0.156769
      0.978400	      0.480437
      0.755900	      0.171313
     -0.007600	      0.068994
     -0.216500	      0.236970
      0.079500	      0.143439
      0.757400	      0.164934
     -0.634900	      0.316785
      0.001600	      0.023226
      0.040900	      0.136551
     -0.000200	      0.004468
      0.001200	      0.004308
     -0.000100	      0.000995
     -0.012000	      0.054111
     -0.001400	      0.017264
     -0.004300	      0.072598
