     -0.001300	      0.011014
      0.000300	      0.003303
     -0.000400	      0.004224
     -0.000500	      0.002958
     -0.004400	      0.049322
      0.001800	      0.012032
      0.000000	      0.001414
      0.001500	      0.005895
     -0.000600	      0.002375
     -0.001400	      0.004477
      0.000600	      0.008811
     -0.000100	      0.002644
      0.000100	      0.001729
      0.000000	      0.000000
      0.000000	      0.000000
      0.000000	      0.000000
      0.000100	      0.000995
      0.000200	      0.001400
      0.000700	      0.005339
