     -0.004800	      0.030935
      0.081000	      0.425771
      0.007700	      0.112043
      0.332900	      0.547614
      0.064700	      0.224595
     -0.019400	      0.325222
      0.150400	      0.206048
     -0.117800	      0.207536
      0.044100	      0.236846
     -0.206400	      0.302838
     -0.019200	      0.255016
      0.003500	      0.172124
      0.061000	      0.207352
     -0.003700	      0.036842
      0.022200	      0.088063
     -0.000300	      0.002216
     -0.002200	      0.029583
     -0.000200	      0.002441
     -0.009900	      0.026401
