     -0.513300	      0.748588
     -0.056600	      0.064455
      0.007300	      0.066916
      0.123600	      0.402059
     -0.181900	      0.823410
     -0.825000	      0.584998
     -0.087500	      0.253130
      0.046700	      0.625657
     -0.383400	      0.593128
     -1.416000	      0.437762
     -0.329300	      0.792667
      0.000500	      0.061243
     -0.195400	      0.517170
      0.011400	      0.056516
      0.004700	      0.034827
      0.004000	      0.034843
      0.063700	      0.185627
      0.038500	      0.050703
      0.008500	      0.282890
