     -0.009800	      0.028319
      0.000400	      0.003137
     -0.005800	      0.012343
     -0.020600	      0.017194
     -0.003400	      0.009404
     -0.036600	      0.022813
     -0.000500	      0.002598
      0.018500	      0.126162
      0.005400	      0.106183
     -0.039700	      0.029375
      0.072800	      0.172076
     -0.003400	      0.012745
     -0.004300	      0.120443
      0.002800	      0.010685
      0.001600	      0.010929
      0.001000	      0.004583
      0.000100	      0.004999
      0.003400	      0.008628
      0.002200	      0.009958
