      0.356000	      0.085029
      0.008700	      0.043969
     -0.003700	      0.064802
      0.028200	      0.037078
     -0.059700	      0.091972
      0.285300	      0.104052
      0.071100	      0.038546
     -0.138400	      0.110876
     -0.002200	      0.078786
      0.411400	      0.062754
     -0.088900	      0.125753
      0.003000	      0.057385
      0.065900	      0.077396
      0.019400	      0.043905
      0.019700	      0.035227
      0.024400	      0.040529
     -0.029900	      0.047381
     -0.036800	      0.028910
     -0.099800	      0.074672
