      0.983600	      0.913336
     -0.000900	      0.010009
      0.002100	      0.025896
      0.002900	      0.643328
     -0.634500	      1.078640
      0.994700	      1.185477
      0.052200	      0.200995
     -0.135000	      0.711397
      0.284800	      0.610710
      1.603200	      0.478951
      0.794100	      0.984495
     -0.001200	      0.017221
      0.180200	      0.483394
      0.000000	      0.000000
     -0.002200	      0.021890
      0.000000	      0.000000
     -0.008500	      0.251807
     -0.000700	      0.006965
     -0.065800	      0.369154
