      1.526300	      0.560658
      0.086500	      0.480165
      0.009400	      0.263950
      0.332500	      0.647402
      0.671700	      0.561275
      1.392000	      0.789265
      0.252200	      0.208008
     -0.645000	      0.554383
      0.031300	      0.374614
      1.127700	      0.612927
     -0.413600	      0.677306
     -0.002800	      0.253073
      0.222000	      0.420100
      0.062300	      0.143665
      0.081500	      0.144280
      0.077000	      0.153489
     -0.027200	      0.233230
     -0.041700	      0.060383
     -0.316600	      0.328695
