      0.083564	      0.234113
     -0.218416	      0.362026
     -0.032277	      0.163591
     -0.009406	      0.064144
      0.154752	      0.333807
     -0.036337	      0.495202
      0.658614	      0.402930
     -0.061386	      0.252167
     -0.044752	      0.178423
     -0.045050	      0.256934
     -0.066040	      0.263413
     -0.098020	      0.348760
     -0.053960	      0.238004
     -0.047822	      0.247689
     -0.010990	      0.260318
     -0.039109	      0.193887
      0.567723	      0.144633
     -0.109505	      0.139606
      0.684455	      0.119905
      0.599802	      0.127675
      0.729010	      0.124133
      0.350990	      0.247116
      0.340693	      0.221848
      1.175941	      0.414970
     -0.015545	      0.216363
      0.007723	      0.143685
     -0.042475	      0.259277
      0.003069	      0.093329
     -0.238812	      0.439043
     -0.021683	      0.184547
