      0.628317	      0.214047
      0.141782	      0.242909
     -0.219406	      0.168944
      0.014257	      0.125772
      2.075149	      0.281026
      1.397426	      0.521919
     -0.422574	      0.161997
     -0.387921	      0.226188
     -0.348119	      0.197608
     -0.544455	      0.305755
     -0.471881	      0.250709
     -0.450594	      0.335768
     -0.552376	      0.200461
     -0.313069	      0.252048
      1.950891	      0.292182
      2.449307	      0.193259
      0.036436	      0.031327
      0.877921	      0.148213
      0.321980	      0.044165
      0.060792	      0.035923
      0.319901	      0.045696
      0.110792	      0.092154
      0.047525	      0.086097
      0.886139	      0.303550
      0.479505	      0.152928
      2.890693	      0.286741
      0.214950	      0.196215
      0.043564	      0.061267
      0.808317	      0.717777
      0.024158	      0.130833
