      0.678416	      0.122973
      0.254950	      0.151916
     -0.031188	      0.092899
      0.048218	      0.049780
      1.861980	      0.222751
      0.839802	      0.352209
      0.645347	      0.284039
      0.066733	      0.150919
      0.072673	      0.117025
     -0.201782	      0.198137
      0.050693	      0.153315
      0.044356	      0.200640
     -0.043465	      0.140821
      0.078713	      0.150916
      0.425248	      0.201738
      0.513861	      0.128456
      0.644554	      0.223751
      0.940000	      0.103033
      1.602277	      0.103349
      0.419901	      0.221733
      1.990297	      0.120309
      1.526832	      0.228577
      0.288713	      0.159291
      0.975941	      0.083443
      0.109901	      0.091851
      0.857525	      0.100429
      0.239208	      0.101977
      0.339802	      0.246126
      0.420792	      0.331987
      0.010594	      0.055879
