      0.000000	      0.000000
      0.000000	      0.000000
      0.000000	      0.000000
      0.000000	      0.000000
      0.000000	      0.000000
      0.000000	      0.000000
     -0.001386	      0.003455
     -0.000099	      0.000990
     -0.000198	      0.001980
     -0.000099	      0.000990
      0.000000	      0.001407
      0.000000	      0.000000
      0.000000	      0.000000
     -0.000099	      0.000990
      0.000000	      0.000000
     -0.014158	      0.009572
     -0.109604	      0.004859
     -0.109604	      0.004859
     -0.109604	      0.004859
     -0.109604	      0.004859
     -0.109604	      0.004859
     -0.016238	      0.007688
      0.000396	      0.004203
     -0.000099	      0.001721
      0.000000	      0.000000
     -0.010198	      0.007958
      0.000000	      0.000000
     -0.000099	      0.000990
      0.000000	      0.000000
      0.000000	      0.000000
