     -0.000990	      0.003302
     -0.000198	      0.002429
      0.000099	      0.001721
     -0.000792	      0.006553
     -0.006040	      0.010057
      0.001287	      0.012481
     -0.000099	      0.011815
     -0.000198	      0.003975
      0.000099	      0.004101
      0.002574	      0.011402
      0.002970	      0.006378
      0.002871	      0.005688
      0.000990	      0.006676
     -0.000297	      0.002970
      0.006436	      0.018271
     -0.006535	      0.011977
      0.230693	      0.279399
      0.009208	      0.033439
     -0.006337	      0.012799
      0.035644	      0.064461
     -0.011089	      0.011681
     -0.015050	      0.017039
      0.106337	      0.174802
     -0.004158	      0.015239
      0.000594	      0.005772
     -0.002475	      0.007500
     -0.000792	      0.003355
      0.021683	      0.102523
      0.000594	      0.009629
      0.000000	      0.002437
