     -1.782970	      0.559077
     -0.300792	      0.525315
      0.214752	      0.518787
     -0.169802	      0.214942
     -3.099406	      0.365786
     -1.432277	      1.146707
     -1.295545	      0.680603
     -0.244653	      0.554568
     -0.254851	      0.575208
      0.057426	      0.571532
     -0.235347	      0.566785
     -0.266832	      0.617441
      0.033168	      0.510498
     -0.342277	      0.530712
     -1.030198	      0.611278
     -1.408911	      0.233187
     -0.866238	      0.403874
     -0.063861	      0.241964
     -2.505248	      0.179038
     -1.524851	      0.240114
     -2.814851	      0.187044
     -1.701980	      0.383881
     -0.592079	      0.239997
     -3.090693	      0.277125
     -0.365842	      0.230244
     -2.657426	      0.450717
     -0.980198	      0.497264
     -0.256931	      0.212233
     -0.968119	      0.699896
     -0.026337	      0.135133
