      0.711980	      0.097372
      0.316040	      0.139476
     -0.014554	      0.053668
      0.022475	      0.036733
      1.649703	      0.263801
      0.114158	      0.381532
      0.829109	      0.344467
      0.041881	      0.098007
      0.047921	      0.079917
     -0.329505	      0.241220
      0.016535	      0.100528
      0.011782	      0.121030
     -0.024356	      0.089203
      0.036832	      0.093331
      0.152673	      0.155607
      0.264950	      0.121538
      0.676931	      0.198268
      1.199010	      0.110548
      1.631782	      0.128212
     -0.531485	      0.346800
      2.300198	      0.153106
      1.659010	      0.220349
      0.065842	      0.169433
      0.770693	      0.087555
      0.021386	      0.090892
      0.414752	      0.086329
      0.097921	      0.084529
      0.477030	      0.357113
      0.262574	      0.229043
      0.006832	      0.052876
