     -0.021287	      0.052269
     -0.036139	      0.057763
     -0.000693	      0.053847
     -0.000693	      0.294088
     -0.096733	      0.185921
     -0.009208	      0.170048
     -0.103960	      0.403554
      0.019406	      0.083522
      0.007525	      0.070632
     -0.124257	      0.165621
      0.001386	      0.105145
      0.015644	      0.095341
     -0.044257	      0.100320
      0.021881	      0.072886
     -0.046931	      0.215290
     -0.211485	      0.325082
     -0.504653	      0.462331
     -0.327624	      0.311474
     -0.566733	      0.485725
     -0.255545	      0.339547
     -0.355050	      0.488655
     -0.147723	      0.387605
     -0.259505	      0.321625
     -0.993168	      0.431057
      0.000990	      0.067318
      0.045644	      0.135642
      0.001683	      0.075807
      0.152871	      0.308325
     -0.076733	      0.131489
     -0.007426	      0.043433
