     -0.901584	      0.392450
      0.161287	      0.317105
      0.487921	      0.350658
     -0.012475	      0.097365
     -2.231881	      0.493369
     -0.932970	      0.816469
     -0.974158	      0.560571
      0.579604	      0.359334
      0.572970	      0.349811
      0.402772	      0.362688
      0.423168	      0.378090
      0.399703	      0.413501
      0.398020	      0.447970
      0.601089	      0.363852
      0.176634	      0.421840
      0.007426	      0.131493
      0.400693	      0.257264
     -0.472079	      0.167133
     -0.623465	      0.130577
     -0.008812	      0.087431
     -0.623663	      0.174246
     -0.379406	      0.219350
     -0.150000	      0.108372
     -0.390693	      0.283763
      0.054158	      0.213608
     -0.241584	      0.300790
     -0.291980	      0.354180
      0.069010	      0.133205
     -0.775149	      0.673731
      0.047030	      0.184335
