      0.091980	      0.082246
     -0.043366	      0.082753
     -0.090495	      0.065618
     -0.004752	      0.033584
     -0.159901	      0.101732
     -0.048614	      0.146172
      0.405149	      0.177739
     -0.031584	      0.096624
     -0.023663	      0.084826
     -0.030495	      0.089247
     -0.026832	      0.091910
     -0.033663	      0.102114
     -0.024950	      0.085488
     -0.025941	      0.083810
      0.053366	      0.111482
     -0.008812	      0.064028
      0.000000	      0.000000
     -0.200891	      0.081957
      0.000099	      0.000990
      0.000000	      0.000000
      0.000000	      0.000000
     -0.001089	      0.004646
     -0.000792	      0.003638
     -0.023168	      0.083012
      0.001683	      0.052597
      0.032772	      0.037604
     -0.007723	      0.054987
      0.000000	      0.001407
      0.089802	      0.134547
      0.084653	      0.048981
