      0.237327	      0.031146
      0.027030	      0.056491
     -0.253564	      0.050180
      0.005545	      0.023014
      0.598317	      0.037471
      0.335545	      0.068165
     -0.248416	      0.046941
     -0.391881	      0.036389
     -0.394356	      0.032439
     -0.382970	      0.054492
     -0.379505	      0.040890
     -0.377624	      0.048198
     -0.391584	      0.032813
     -0.394158	      0.034706
      0.402970	      0.036002
      0.381683	      0.015547
      0.000099	      0.000990
      0.414059	      0.019609
      0.000000	      0.000000
      0.000000	      0.000000
      0.000000	      0.000000
      0.001089	      0.006118
      0.000396	      0.001950
      0.105248	      0.045979
     -0.005842	      0.016184
      0.194851	      0.036086
      0.027624	      0.031596
      0.000297	      0.001698
      0.233663	      0.092466
      0.043663	      0.045375
