      1.221980	      0.707541
     -0.039307	      0.608194
     -0.307624	      0.643589
     -0.000099	      0.095549
      1.689802	      0.372152
      1.228614	      0.726753
      0.754356	      0.413925
     -0.115446	      0.629310
     -0.184356	      0.681098
     -0.197030	      0.643388
     -0.241287	      0.650314
     -0.196535	      0.642742
     -0.099604	      0.645238
     -0.214851	      0.618802
     -0.254653	      0.712689
      1.602871	      0.736356
      1.082772	      0.695200
      1.125248	      0.699909
      1.896931	      0.700524
      1.827129	      0.698344
      1.914059	      0.666521
      0.815050	      0.537540
      0.605842	      0.455154
      1.215248	      0.434333
     -0.489604	      0.586760
      4.672277	      0.816035
      1.066337	      0.705717
      0.001683	      0.119769
      1.165743	      0.743450
      0.017822	      0.241663
