      0.929505	      0.342253
      0.278911	      0.244524
     -0.245743	      0.350412
     -0.104554	      0.363597
      2.351188	      0.576325
      1.386040	      0.564148
      0.264257	      0.548740
     -0.503069	      0.348248
     -0.526238	      0.308824
     -0.755545	      0.557090
     -0.854158	      0.392832
     -0.832970	      0.533823
     -0.783762	      0.407581
     -0.579010	      0.383815
      1.815941	      0.798553
      3.453960	      0.924331
      2.325941	      0.887454
      3.198119	      0.930085
      2.280693	      1.008982
      1.750198	      1.172592
      3.157525	      0.982896
      2.061584	      0.585699
      0.431287	      0.602013
      0.594950	      0.823573
     -0.206139	      0.549107
      6.145842	      0.913757
      0.322871	      0.414472
      0.872376	      0.569276
      1.111188	      0.794844
      0.200594	      0.209487
