0.03
0
0
0.01
0
-0.01
0.01
0.19
0
0.01
0.04
0.17
0.01
0.04
1.2
-0.01
0
0
0.04
0.01
0.63
0.01
0.73
-0.06
-0.05
0.16
0.01
0.1
0.16
1.27
0.34
0.01
0.14
0.07
0.34
0.01
-0.02
0.38
0.56
0.4
0.52
0.51
1.24
0.47
1.06
0.77
0.56
0.22
0.56
1.2
0.38
-0.09
0.46
0.2
0.85
0.6
0.66
-0.06
0.61
0.34
0.28
0.55
-0.09
0.67
1.1
0.16
0.57
0.67
0.79
1.31
1.63
1.78
0.1
0.37
1.04
-0.08
-0.57
-0.81
-1.03
-1.03
-0.1
0.24
0.42
-0.51
0.2
0.67
-0.1
-0.36
-0.19
0.29
-0.51
-0.15
-0.08
0.8
-0.5
1.15
1.23
0.51
0.54
0.9
1.33
0.53
0.43
0.39
1.86
0.71
0.54
0.48
0.41
0.44
1.1
0.48
0.58
0.93
-0.01
0.07
0.23
1.39
-0.32
-0.05
0.53
-0.11
-0.58
0.61
-0.63
0.03
0.53
-0.2
-0.35
-0.11
-0.23
0.31
0.47
-0.63
-0.4
-0.56
-0.29
-0.59
-0.06
-0.52
-0.48
-0.24
-0.15
-0.55
-0.58
-0.61
-0.57
-0.56
-0.62
-0.58
-0.34
0.06
0.53
0.29
0.45
0.62
0.66
1.03
1.25
-0.02
0.34
0.77
0.6
0.96
0.5
1.06
0.17
0.76
0.61
0.37
0.62
0.32
0.38
0.23
0
0
-0.14
0.29
0
0.02
0
0.36
0.06
0.44
0.44
0.2
0.37
0.44
0.04
0.35
