0
0
0.01
0
0
0
0
0.01
0
0
0
0.04
0
0.01
0.1
0
0
0
0
0
0.08
0.01
0.03
0.08
0.02
0.03
0
0
0.01
0.11
0.05
0.01
0.02
0.02
0.09
0.04
0
0.06
0.53
0.12
0.04
0.07
1.61
0.03
0.38
0.09
0.02
0.34
0.17
0.06
0.01
-0.04
0.09
0
0.08
0.1
0.11
-0.06
0.02
0.01
-0.02
-0.05
-0.05
2.52
0.02
-0.04
0
4.3
0.02
2.24
0.06
0.1
-0.05
-0.03
0.12
0.03
1.26
2.82
-0.19
-0.19
5.78
9.78
-0.12
-0.15
-0.04
6.74
1.86
-0.18
6.02
0.39
-0.19
-0.19
14.64
1.12
0
1.51
0
0.45
0
0.02
0.01
0.02
0
0
0.01
0.48
0.02
1.3
0.01
0
0.06
0
-0.01
0.49
-0.06
-0.06
1.51
0.35
-0.02
-0.02
-0.02
1.39
-0.08
-0.04
-0.08
-0.06
-0.02
0.04
6.38
-0.06
-0.07
0.02
0.04
0.34
-0.01
-0.01
0
-0.01
0.07
-0.01
-0.01
-0.01
0
-0.01
-0.01
-0.01
-0.01
-0.01
-0.01
-0.01
0
-0.01
28.3
5.54
8.5
16.71
9.75
8.57
8.4
4.02
5.74
6.2
6.92
11.11
10.67
9.91
14.17
7.28
28.05
12.78
18.39
0.02
0
0.29
0.04
0
2.27
0
0
0
0.37
0
0.48
0.31
0
0
0.03
0.11
0
0.32
