0.19
0
0.17
-0.02
0
0.01
-0.02
0.12
0.01
0.06
0.15
0.03
0.17
0.24
0.27
0
0
0
0.21
0.15
0.08
0.18
0.38
0.21
0.1
0.05
0.18
0.15
-0.02
0.11
-0.15
0.21
0.45
0.3
0.1
0.32
0.1
0.39
-0.51
-0.05
-0.06
-0.04
-0.03
0.04
-0.15
0.01
0.02
-0.31
0.18
0.25
-0.04
-0.03
-0.2
-0.36
-0.16
-0.09
0.05
0.16
-0.27
-0.1
-0.15
-0.09
-0.08
-0.05
-0.65
-0.12
-0.11
-0.45
-0.4
-0.36
-0.07
0.32
-0.07
-0.55
-0.17
-0.14
-0.16
-0.21
-0.05
-0.08
-0.08
-0.08
-0.25
-0.19
-1.11
-0.23
-0.21
-0.22
-0.19
-0.19
-0.15
-0.2
0.07
-0.14
-0.12
0.14
-0.1
-0.31
0.06
0.12
0.24
-0.08
0.2
-0.03
0.12
0.08
-0.05
0.06
0.4
0.05
0.2
-0.01
-0.25
0.26
-0.02
0.42
0.03
0.36
0.02
-0.02
0.04
0.03
-0.14
0.17
0.52
0.08
0.04
0.07
-0.74
-0.06
0.02
-0.07
-0.32
-0.64
-0.26
-0.97
-0.35
-0.24
-0.27
-0.19
-0.85
-1.02
-0.21
-0.97
-0.25
-0.2
-0.23
-1.06
-0.2
-0.22
-0.35
-0.26
0.61
0.29
0.06
0.11
0.61
0.11
0.3
0
0.02
0.04
0.07
0.21
0.2
0.18
0.01
0.26
0.2
0.05
-0.27
0.46
0.46
0.35
0.19
0.46
0.27
0.55
0.43
0
0.34
0.41
0.37
0.62
0.52
0.38
0.61
0.76
0.05
0.31
