0.1
0.02
0.01
0
-0.02
-0.01
0
0.46
-0.04
0.34
0.4
0.23
0.11
0
1.43
0.02
-0.01
-0.02
0.14
0
0.61
0.01
0.35
0.1
0.22
0.19
0.03
0.02
0.03
1.31
0.64
0.02
0.23
0.02
0.52
0.26
0
0.39
1
0.49
0.07
0.64
0.95
0.99
0.45
0.32
0.61
0.18
0.57
0.93
0.73
-0.2
0.73
-0.13
1.48
0.55
0.77
-0.77
-0.67
-0.77
-0.41
0.75
-0.26
0.6
1.39
-0.31
-0.53
0.32
0.15
0.41
0.67
1.11
-0.42
-0.84
-0.25
-0.28
-0.13
-0.71
-0.54
-1.06
2.28
2.08
3.02
3.22
1.34
3.52
0.11
1.31
0.71
-0.3
0.39
-0.41
2.38
3.59
0.68
0
0.19
-1.17
0.01
-0.08
0.51
-0.41
-0.38
-0.21
1.16
-0.27
-0.39
-0.29
-0.68
0.07
-0.28
-0.14
-0.47
0.38
0.5
0.27
-0.24
1.66
0.64
-0.27
1.27
-0.24
-0.6
0.48
-0.82
-0.54
-0.37
0.12
-0.34
1.02
-0.1
-0.17
0.72
-0.84
-0.21
-0.47
-0.5
-0.41
0.36
-0.46
-0.62
-0.12
-0.15
-0.39
-0.42
-0.45
-0.41
-0.33
-0.43
-0.41
-0.46
-0.48
2.65
0.09
3.06
0.35
3.17
2.4
1.67
0.03
0.68
0.24
1.49
0.72
0.84
2.21
0.11
2
1.8
0.79
0.19
0.26
-0.15
-0.28
-0.09
-0.1
-0.47
0.42
-0.17
0.21
-0.29
0.42
-0.05
0.39
0.23
-0.21
0.11
0.76
0.18
-0.26
