0
0
0
0
0
0
0
0
0
0
0
0.02
0
0
0.04
0
0
0
0
0
0
0
0
0.04
0
0
0
0
0
0
0
0
0
0
0.01
0
0
0
0.07
0.47
0.04
0.11
0.12
0.17
0.16
0.27
0.24
0.54
0.56
0.25
0
-0.01
0
0
0
0.1
0.41
-0.13
-0.06
-0.04
-0.07
-0.01
-0.12
0.42
-0.12
0.08
-0.12
0.05
-0.1
-0.01
-0.1
-0.12
-0.12
-0.12
-0.11
-0.12
0.69
0.02
-0.02
-0.03
0
0.22
0.01
0
0.04
0.11
0.69
0
0.2
0.18
-0.01
-0.01
0.19
0.01
0.24
0
-0.02
-0.01
-0.01
-0.01
-0.02
0.09
-0.02
0.02
0.01
-0.02
0.09
0.51
-0.02
0.02
-0.02
0.01
0.04
-0.02
0.32
-0.02
0.36
0
-0.01
0
0
0.23
-0.02
0
-0.02
-0.02
-0.01
0.01
-0.02
-0.02
-0.02
0.1
0.04
0
0
0
0
0
0
0
0
0
0
0
0
0
0
0
0
0
0
0
0.45
-0.01
-0.01
0.08
0.56
0.04
0.04
0
0.1
0.01
0.49
0.01
0.53
0.46
0.47
0.59
0.45
0.08
0.1
-0.01
0
-0.01
-0.01
-0.01
0.11
-0.01
-0.01
-0.01
-0.01
-0.01
-0.01
0
-0.01
-0.01
0
0
-0.01
-0.01
