0.19
0.03
0.18
-0.04
0
-0.02
-0.04
-0.08
0.02
0.13
0.15
-0.37
0.23
0.17
-0.93
0
-0.02
0
0.19
0.18
-0.83
0.16
-0.6
-0.69
0.17
0.18
0.18
-0.1
-0.34
-0.57
-0.33
0.23
0.03
0.26
-1.49
0.08
0.13
-0.21
0.28
-0.4
0.07
0.55
-0.4
0.79
-1.34
-1.03
0.41
-1.12
-0.65
-0.03
1.2
0.89
-0.02
-0.69
-0.74
-0.05
0.07
1.25
-1.08
-0.92
0.46
0.74
0.82
3.23
-0.86
-0.41
-0.12
0.54
-0.43
-1.47
-1.24
-0.73
0.5
-1.12
-2
-0.72
3.1
5.26
3.06
4.29
8.67
8.93
5.49
4.78
2.53
9.54
3.32
3.72
5.27
0.61
4.67
2.69
13.71
4.67
3.03
0.72
0.09
-0.6
0.52
0.71
0.07
0
0.32
-0.28
-0.67
-0.19
-0.03
1.29
1.17
0.79
0.47
0.09
0.1
0.47
2.84
1.73
2.34
2.44
1.16
-0.29
2.49
2.22
1.87
2.62
3.24
1.94
0.45
-0.87
8.04
2.82
3.02
0.84
2.22
0.6
0.13
-0.15
-0.45
0.67
0.44
0.49
-0.39
-0.56
-0.06
-0.07
0.55
0.68
0.64
-0.53
0.66
0.66
-0.22
-1.11
26.17
4.3
8.86
13.84
11.44
8.68
8.65
3.07
4.93
4.86
6.16
8.63
8.43
10.24
11.83
7.44
25.16
10.31
15.64
0.62
-0.11
0.27
0.36
0.99
2.41
1.31
0.45
-0.18
0.16
0.35
0.82
0.24
0.83
0.37
-0.52
-0.22
-0.43
-0.17
