0
0
0
0
0
-0.01
0
0
0
0
-0.01
-0.02
0
0
-1.14
0
0
0
0
0
0.01
0
0
0
0.01
0
0
0
0
0
0.01
0
0
0
0
0.01
0
0
0
0
0
-0.01
-0.05
0
-0.02
-0.03
0
-0.05
-0.42
-0.72
0
0
0
-0.01
0
-0.01
0
0
0.01
0
-0.01
0
0
0.17
-0.06
0
-0.01
-0.03
-0.06
0.02
0
-0.33
0
0
-0.01
0
0.04
0.73
0.22
0.41
0.03
0.01
0.05
0.1
0.01
-0.03
0.01
0.04
-0.03
0.03
0.18
0.13
-0.15
-0.08
-0.23
0.05
-0.01
0.08
0.08
0.11
0.08
0.08
0.11
0.03
-1.12
0.05
0.08
0.07
0.16
0.1
0.09
0.08
0.46
0.06
-0.02
-0.6
-0.02
-0.88
-0.01
0
0
-0.02
0.01
0
0.07
0.03
0
-0.02
1.14
-0.01
0.03
-0.01
0.03
0.37
0.38
0.38
0.38
0.38
0.38
0.38
0.38
0.35
0.38
0.38
0.38
0.38
0.38
0.38
0.38
0.38
0.38
0.38
-0.09
0
-0.04
-0.06
-0.04
-0.05
-0.05
-0.01
-0.02
-0.04
0
-0.07
0.02
-0.06
-0.04
-0.01
-0.51
-0.04
-0.04
0
0
0
-0.07
-0.04
0.01
0
-0.03
0
0
0
0
0
0
0
0
0
-0.01
0
