-0.02
0.01
0.01
-0.02
0.02
0.01
-0.02
-0.47
0.04
-0.12
-0.21
-0.52
-0.02
-0.07
-0.6
0
0
0.02
-0.04
0.02
-1.41
-0.03
-0.77
-0.7
-0.3
-0.29
-0.02
-0.01
-0.12
-0.96
-0.65
0
-0.48
-0.08
-1.57
-0.33
0.04
-0.9
-0.55
-1.12
-0.28
-0.33
-2.68
-0.2
-2.01
-1.61
-0.58
-1.37
-1.07
-0.78
0.27
0.81
-0.91
-0.26
-0.98
-0.72
-1.1
1.24
-0.56
-0.32
0.52
0.43
0.92
-0.43
-0.49
-0.17
0.12
-2.07
-0.46
-2.66
-0.77
-1.31
0.58
-0.18
-1.65
0.25
1.34
2.27
3.18
4.19
0.97
-0.59
1.86
2.67
1.85
1.29
0.68
2.56
-0.47
0.26
3.63
2.55
-1.6
0.73
2.47
-1.31
-0.53
-0.07
0.12
0.44
-1.15
-0.02
0.08
-0.09
-0.23
-0.73
-0.07
-0.41
0.65
0.2
-0.25
-0.02
-0.35
-0.51
1.46
1.57
0.14
0.09
0.6
-0.01
0.86
0.5
2.06
1.01
2.68
1.57
0.1
-0.58
1.1
1.66
2.28
0.27
0.73
0.97
0.28
0.73
-0.12
0.76
-0.18
0.56
0.54
0.14
-0.25
0.73
0.76
0.76
0.72
0.49
0.76
0.75
0.06
-0.82
-3.72
-1.27
-1.15
-2.72
-1.95
-1.53
-1.65
-0.66
-0.28
-1.45
-1.14
-2.77
-2.83
-2.38
-2.16
-2
-2.99
-1.52
-2.37
-0.24
-0.53
-0.3
0.25
0.4
0.08
-0.24
0.12
0.02
-0.27
-0.16
-0.06
-0.96
-0.44
-0.01
-1.11
-1.31
-0.39
-0.69
