-0.04
-0.01
-0.01
-0.01
0.01
0.01
-0.01
-0.37
0.02
-0.15
-0.22
-0.32
-0.04
-0.04
-0.8
-0.01
0
0.01
-0.05
-0.01
-0.98
-0.03
-0.55
-0.36
-0.25
-0.19
-0.02
-0.02
-0.08
-1.01
-0.58
-0.02
-0.34
-0.08
-1.01
-0.25
0.01
-0.53
-0.58
-0.72
-0.26
-0.4
-1.56
-0.29
-1.25
-0.86
-0.48
-0.67
-0.78
-0.55
-0.16
0.43
-0.82
-0.13
-0.83
-0.6
-0.84
0.74
-0.04
0.06
0.29
0.22
0.4
-0.48
-0.39
-0.02
0.03
-1.36
-0.33
-1.44
-0.79
-0.81
0.37
0.1
-0.84
0.22
0.61
1.16
1.5
2.07
-0.3
-1.24
0.35
0.75
0.32
-0.83
0.36
0.6
-0.71
-0.03
1.33
0.96
-1.65
-0.28
0.83
-0.61
-0.31
0.17
-0.02
-0.03
-0.74
0.1
0.08
-0.1
-0.62
-0.27
0.06
-0.13
0.41
0.07
-0.27
-0.01
0.01
-0.49
0.68
0.65
0.33
-0.11
0.17
0.08
0.33
0.46
1.22
0.39
1.53
0.85
0.18
-0.3
0.9
0.77
1.11
0.38
0.12
0.78
0.28
0.49
0.17
0.52
-0.12
0.46
0.4
0.06
0.01
0.47
0.52
0.54
0.5
0.31
0.51
0.51
0.23
-0.25
-2.53
-0.62
-0.99
-1.21
-2.06
-1.08
-1.29
-0.26
-0.39
-0.9
-1
-1.53
-1.59
-1.45
-0.87
-1.52
-2.06
-0.85
-0.96
-0.19
-0.28
0
0.12
0.23
0.26
-0.3
0.12
0.02
0.03
-0.12
0.05
-0.67
-0.24
0.03
-0.66
-0.98
-0.28
-0.2
