0
0
0
0
0
0
0
0
0
0
0
0
0
0
-1.18
0
0
0
0
0
0
0
-0.85
0
0
0
0
0
0
-1.45
0
0
0
0
0
0
0
0
-0.26
0
0
0
0
0
0
0
0
0
-0.42
-0.72
0
0
0
0
0
0
0
0.23
-0.03
-0.03
0.08
0.13
0.12
0.22
-0.39
0.07
0.01
-0.02
0.03
-0.93
-1.21
-1.17
0.13
0.14
-0.05
0.07
0.01
-0.02
-0.01
0
-0.02
-1.36
-0.02
0.07
-0.07
-0.71
-0.06
-0.02
-0.02
-0.02
0
0
-0.02
-0.37
-0.34
0.09
-0.06
0.05
0.04
-0.46
0.09
-0.02
0.13
-0.01
-1.22
0.08
-0.02
0
0.13
0.07
0.13
-0.02
0.38
-0.34
0
-0.58
-0.05
-0.88
0
0
0
-0.05
0
0
-0.02
0
0
0
-0.1
0
0
0
-0.02
0.35
0.38
0.38
0.38
0.38
0.38
0.38
0.38
0.38
0.38
0.38
0.38
0.38
0.38
0.38
0.38
0.38
0.38
0.38
-0.02
-0.02
-0.02
-0.02
-0.09
-0.02
-0.02
-0.02
-1.26
-0.02
-1.27
-0.02
-0.03
-0.02
-0.02
-0.03
-0.52
-1.34
-0.02
0
0
-0.02
-0.07
0.05
0.03
0
-0.02
0
-0.02
0
-0.02
0
0
0
0
0
0
0
