0
0
0
0
0
0
0
0
0
0
0
0
0
0
-0.2
0
0
0
-0.03
0
0.14
0
0.06
0.01
0.26
0.12
0
-0.17
-0.15
0.04
0.01
0
0
0
0.04
0.03
0
0.01
0
0.01
0
0
0.02
-0.25
0.04
0.01
0
0.01
0.01
0.02
0
0
0.39
0
-0.86
0.02
0.01
-0.07
-0.05
-0.05
-0.03
-1.28
0
-0.36
-1.44
-0.06
-0.06
-0.82
-0.06
-0.02
-0.48
-0.21
0
0
-0.05
-0.58
0
0.01
0
0
-0.01
-0.09
0.07
-1.41
0
-0.76
-0.02
0
-0.06
0
0
0
-0.05
-0.51
0
-0.2
-0.2
-0.2
-0.2
-0.2
-0.2
-0.2
-0.2
-0.2
-0.43
-0.2
-0.2
-0.2
-0.2
-0.18
-0.2
-0.2
-0.19
-0.2
0
0
0
0.32
0.01
0
-0.4
0
0
0
0
0
0.01
0
-0.01
-0.27
0
0
0.3
-0.03
-0.15
-0.04
-0.04
-0.04
-0.04
-0.04
-0.04
-0.04
-0.02
-0.04
-0.11
-0.04
-0.04
-0.04
-0.04
-0.06
-0.04
-0.04
0
0
-0.9
0
0.64
-0.64
0
0
0
0
0
0
0.13
0.22
0
0
0.12
0
0
0
0
0
0
0
0
0.37
0
-0.31
0
-0.38
0
0.11
0.19
0
0.14
0
0
0
