      0.174200	      0.393432
      0.005400	      0.078351
      0.009200	      0.044781
      0.197200	      0.313130
      0.205100	      0.287355
      0.024700	      0.036454
     -0.025000	      0.201710
      0.005100	      0.121832
     -0.006700	      0.015878
      0.040800	      0.398940
     -0.001100	      0.008354
     -0.023900	      0.139039
      0.020000	      0.113437
      0.022200	      0.096235
     -0.028900	      0.283016
      0.457900	      0.309387
      0.394500	      0.268802
      0.086200	      0.165395
      0.120000	      0.310045
      0.006600	      0.018068
      0.005900	      0.071472
      0.067300	      0.149271
      0.018900	      0.045889
     -0.036700	      0.430679
      0.045800	      0.151672
     -0.042300	      0.208710
