     -1.430500	      0.700082
     -0.047900	      0.153917
     -0.058200	      0.120270
     -0.544200	      0.310812
     -0.798400	      0.374405
     -0.124900	      0.133652
      0.018800	      0.478036
     -0.453700	      0.461958
      0.014400	      0.096139
     -2.040700	      0.846460
     -0.006900	      0.101869
      0.001300	      0.264819
     -0.616000	      0.376369
     -0.013000	      0.106981
     -0.849200	      0.600900
     -0.892300	      0.399887
     -0.481900	      0.140554
     -0.597600	      0.180672
     -0.316800	      0.245026
      0.006000	      0.117064
     -0.103300	      0.203057
     -0.316600	      0.254493
      0.064700	      0.075292
     -0.746600	      0.919101
     -2.708000	      0.609910
     -0.077300	      0.329077
