      0.613600	      0.301694
     -0.026600	      0.077022
      0.022800	      0.040102
      0.106600	      0.169483
      0.521100	      0.206765
      0.358900	      0.076012
      0.074700	      0.214548
      0.396500	      0.229684
     -0.007100	      0.055341
      0.537500	      0.237695
      0.003500	      0.058230
     -0.005200	      0.083958
      0.196800	      0.114576
      0.206800	      0.066165
      0.316500	      0.271851
      0.574300	      0.162310
      0.141400	      0.052288
      0.311800	      0.125382
      0.095000	      0.099050
     -0.025600	      0.058538
      0.042800	      0.101174
      1.130700	      0.212886
     -0.063700	      0.031989
      0.363000	      0.275654
      1.223400	      0.231703
      0.075200	      0.165436
