      0.541000	      0.307540
     -0.075800	      0.148231
      0.015600	      0.031916
     -0.274900	      0.241969
      0.469200	      0.219598
      0.727400	      0.101525
      0.013600	      0.255818
      0.435100	      0.216423
     -0.005400	      0.056928
      0.374800	      0.221099
      0.003100	      0.059206
      0.004200	      0.073582
     -0.078700	      0.104658
      0.356200	      0.127787
      0.162300	      0.274124
      0.453000	      0.113635
     -0.208900	      0.062959
      0.147800	      0.132004
     -0.142100	      0.068997
     -0.092600	      0.062907
      0.010300	      0.078999
      1.855400	      0.262089
     -0.091900	      0.043028
      0.207200	      0.241847
      1.412400	      0.213547
      0.115200	      0.197238
