     -0.002200	      0.006720
      0.001700	      0.007623
     -0.000100	      0.002998
      0.033400	      0.054041
     -0.003500	      0.012913
     -0.008100	      0.009767
      0.019200	      0.029721
     -0.000000	      0.006000
      0.000200	      0.001400
     -0.007200	      0.010107
      0.000000	      0.001414
      0.000800	      0.005036
     -0.004700	      0.009742
     -0.002700	      0.013846
     -0.000500	      0.011864
     -0.007400	      0.020814
     -0.005000	      0.016093
     -0.004200	      0.011677
     -0.003400	      0.009404
     -0.002500	      0.011258
     -0.000100	      0.001729
     -0.006000	      0.013565
     -0.004200	      0.008623
     -0.000100	      0.029546
     -0.008300	      0.013421
      0.000300	      0.004991
