     -1.441600	      0.636033
      0.062100	      0.141218
      0.048900	      0.128545
     -0.202200	      0.347297
     -0.402700	      0.367091
      0.013800	      0.081973
     -0.040000	      0.317087
     -0.208600	      0.327240
      0.103700	      0.104122
      0.203900	      0.548720
      0.012600	      0.096629
      0.075100	      0.188380
     -0.129600	      0.296927
     -0.085600	      0.095638
     -1.009900	      0.681900
     -0.255900	      0.308344
     -0.477800	      0.254694
      0.086900	      0.100356
     -0.299500	      0.457402
      0.000400	      0.044157
      0.062200	      0.602159
     -0.193100	      0.198120
      0.023400	      0.055068
      0.902500	      0.520231
      0.093800	      0.389301
     -0.032100	      0.398023
