     -0.019800	      0.145148
      0.087700	      0.264003
      0.116900	      0.245025
     -0.123500	      0.292993
     -0.119100	      0.288233
      0.067000	      0.135037
      0.015600	      0.173282
     -0.028000	      0.151473
      0.001200	      0.052693
      0.083500	      0.216312
      0.003100	      0.034545
      0.014800	      0.060307
      0.002700	      0.093945
      0.054800	      0.136040
      0.005900	      0.143556
     -0.075200	      0.194234
     -0.093500	      0.221334
      0.375700	      0.195209
      0.059600	      0.162111
      0.101500	      0.159207
      0.014900	      0.069332
      0.025200	      0.148906
      0.051100	      0.080819
      0.147300	      0.209685
      0.158600	      0.223222
      0.109600	      0.161189
