      0.017800	      0.067906
     -0.016100	      0.028910
     -0.016000	      0.028178
      0.000500	      0.012114
     -0.000400	      0.010190
      0.000300	      0.003303
      0.000700	      0.006206
      0.001100	      0.006465
     -0.000200	      0.001990
      0.004300	      0.037875
      0.000000	      0.000000
      0.001200	      0.010980
     -0.000200	      0.004238
      0.002000	      0.015427
     -0.029700	      0.053916
      0.011300	      0.044219
      0.000500	      0.011435
      0.000100	      0.000995
     -0.003000	      0.014663
      0.000000	      0.000000
     -0.002200	      0.012213
      0.001400	      0.008488
      0.000000	      0.001414
      0.004500	      0.038584
     -0.045300	      0.059168
      0.002400	      0.013124
