      0.203700	      0.069881
      0.070300	      0.026775
      0.069800	      0.027385
     -0.001900	      0.011721
     -0.002100	      0.014443
     -0.000800	      0.004622
     -0.157200	      0.089287
     -0.137100	      0.097049
      0.025000	      0.029580
      0.313100	      0.083147
     -0.037200	      0.036826
     -0.124300	      0.073597
      0.001700	      0.011921
      0.000400	      0.003137
      0.304900	      0.065536
      0.000500	      0.002598
      0.000200	      0.001990
      0.000000	      0.000000
     -0.002500	      0.015644
      0.000000	      0.000000
      0.010700	      0.026354
     -0.000800	      0.005600
     -0.000500	      0.004093
     -0.013600	      0.046487
      0.156700	      0.052308
      0.002600	      0.025402
