      1.564300	      0.713611
      0.049100	      0.282139
      0.042900	      0.235692
      0.373000	      0.582635
      0.388700	      0.559190
     -0.003200	      0.143177
     -0.138900	      0.314312
     -0.053300	      0.262012
      0.000800	      0.049813
      0.311000	      0.711090
      0.004500	      0.042175
     -0.035800	      0.238026
      0.811100	      0.569292
     -0.011600	      0.082325
      1.316500	      0.747718
      0.490400	      0.464822
      0.672600	      0.493853
      0.090100	      0.186432
      0.527600	      0.769240
      0.037800	      0.088041
      0.279900	      0.590180
      0.061800	      0.227532
     -0.005300	      0.151753
      0.099300	      0.817084
      0.827800	      0.644749
      0.074800	      0.476738
