      1.157300	      0.686307
      0.247000	      0.413223
      0.367600	      0.406992
     -0.411400	      0.517076
      0.268000	      0.522027
      1.081400	      0.249548
     -0.054000	      0.497795
     -0.008000	      0.323537
      0.146300	      0.115166
      1.666600	      0.537487
     -0.055800	      0.105955
     -0.211200	      0.213445
      0.230400	      0.446150
      0.525000	      0.281452
      1.123900	      0.705427
      0.770900	      0.590884
     -0.071000	      0.504053
      0.470800	      0.427361
      0.038000	      0.412594
      0.034000	      0.171044
      0.404000	      0.480215
      2.538000	      0.299356
     -0.012100	      0.136201
      1.218000	      0.666645
      2.529600	      0.583705
      0.275100	      0.396710
